# r_perp
1.000000000000000021e-02
1.008562166358394942e-02
1.017197643409538561e-02
1.025907058851777826e-02
1.034691045757918371e-02
1.043550242621239278e-02
1.052485293401905601e-02
1.061496847573776756e-02
1.070585560171614763e-02
1.079752091838699461e-02
1.088997108874847214e-02
1.098321283284844734e-02
1.107725292827295427e-02
1.117209821063883807e-02
1.126775557409065431e-02
1.136423197180174913e-02
1.146153441647970554e-02
1.155966998087607465e-02
1.165864579830047307e-02
1.175846906313912296e-02
1.185914703137776020e-02
1.196068702112908222e-02
1.206309641316468360e-02
1.216638265145155579e-02
1.227055324369316809e-02
1.237561576187521002e-02
1.248157784281596003e-02
1.258844718872140570e-02
1.269623156774510667e-02
1.280493881455283846e-02
1.291457683089210912e-02
1.302515358616647932e-02
1.313667711801488024e-02
1.324915553289584408e-02
1.336259700667673939e-02
1.347700978522809422e-02
1.359240218502293443e-02
1.370878259374131054e-02
1.382615947087999231e-02
1.394454134836736400e-02
1.406393683118359328e-02
1.418435459798614469e-02
1.430580340174056504e-02
1.442829207035676090e-02
1.455182950733066409e-02
1.467642469239142239e-02
1.480208668215413255e-02
1.492882461077811758e-02
1.505664769063089908e-02
1.518556521295782308e-02
1.531558654855741559e-02
1.544672114846255828e-02
1.557897854462743197e-02
1.571236835062039816e-02
1.584690026232278559e-02
1.598258405863367884e-02
1.611942960218072998e-02
1.625744684003703824e-02
1.639664580444419664e-02
1.653703661354152463e-02
1.667862947210152491e-02
1.682143467227168593e-02
1.696546259432255011e-02
1.711072370740226306e-02
1.725722857029757598e-02
1.740498783220129769e-02
1.755401223348644624e-02
1.770431260648685362e-02
1.785589987628462272e-02
1.800878506150421429e-02
1.816297927511338270e-02
1.831849372523098110e-02
1.847533971594162230e-02
1.863352864811737564e-02
1.879307202024647211e-02
1.895398142926911153e-02
1.911626857142044097e-02
1.927994524308069765e-02
1.944502334163270008e-02
1.961151486632662852e-02
1.977943191915224400e-02
1.994878670571856999e-02
2.011959153614106821e-02
2.029185882593646101e-02
2.046560109692519350e-02
2.064083097814160481e-02
2.081756120675196456e-02
2.099580462898024275e-02
2.117557420104193219e-02
2.135688299008578830e-02
2.153974417514366302e-02
2.172417104808852320e-02
2.191017701460047304e-02
2.209777559514135986e-02
2.228698042593743947e-02
2.247780525997060755e-02
2.267026396797807916e-02
2.286437053946062045e-02
2.306013908369946783e-02
2.325758383078182709e-02
2.345671913263529598e-02
2.365755946407106097e-02
2.386011942383604520e-02
2.406441373567410127e-02
2.427045724939618648e-02
2.447826494195982569e-02
2.468785191855775094e-02
2.489923341371584956e-02
2.511242479240059083e-02
2.532744155113580281e-02
2.554429931912915314e-02
2.576301385940816743e-02
2.598360106996604191e-02
2.620607698491725715e-02
2.643045777566302434e-02
2.665675975206678247e-02
2.688499936363974302e-02
2.711519320073655509e-02
2.734735799576127821e-02
2.758151062438356921e-02
2.781766810676537457e-02
2.805584760879811790e-02
2.829606644335040666e-02
2.853834207152657065e-02
2.878269210393576139e-02
2.902913430197211556e-02
2.927768657910579178e-02
2.952836700218502280e-02
2.978119379274947118e-02
3.003618532835459001e-02
3.029336014390754048e-02
3.055273693301444743e-02
3.081433454933917709e-02
3.107817200797385535e-02
3.134426848682093925e-02
3.161264332798729287e-02
3.188331603919012519e-02
3.215630629517493566e-02
3.243163393914574172e-02
3.270931898420725153e-02
3.298938161481983905e-02
3.327184218826650247e-02
3.355672123613268748e-02
3.384403946579875311e-02
3.413381776194498313e-02
3.442607718806989237e-02
3.472083898802109242e-02
3.501812458753955637e-02
3.531795559581708127e-02
3.562035380706685822e-02
3.592534120210784387e-02
3.623293994996239220e-02
3.654317240946768769e-02
3.685606113090107022e-02
3.717162885761900182e-02
3.748989852771044545e-02
3.781089327566404534e-02
3.813463643404978176e-02
3.846115153521503793e-02
3.879046231299496800e-02
3.912259270443787379e-02
3.945756685154500065e-02
3.979540910302539758e-02
4.013614401606590415e-02
4.047979635811593119e-02
4.082639110868806903e-02
4.117595346117355198e-02
4.152850882467362670e-02
4.188408282584657472e-02
4.224270131077023649e-02
4.260439034682104303e-02
4.296917622456851438e-02
4.333708545968643910e-02
4.370814479488027010e-02
4.408238120183082670e-02
4.445982188315508038e-02
4.484049427438326074e-02
4.522442604595318383e-02
4.561164510522155990e-02
4.600217959849250970e-02
4.639605791306356669e-02
4.679330867928893634e-02
4.719396077266073408e-02
4.759804331590782034e-02
4.800558568111268354e-02
4.841661749184655167e-02
4.883116862532251023e-02
4.924926921456735524e-02
4.967094965061186196e-02
5.009624058469983043e-02
5.052517293051622671e-02
5.095777786643395507e-02
5.139408683778049630e-02
5.183413155912336423e-02
5.227794401657547690e-02
5.272555647012028279e-02
5.317700145595636446e-02
5.363231178886287281e-02
5.409152056458441798e-02
5.455466116223690182e-02
5.502176724673386865e-02
5.549287277123326340e-02
5.596801197960580426e-02
5.644721940892382522e-02
5.693052989197181640e-02
5.741797855977848197e-02
5.790960084417003106e-02
5.840543248034606172e-02
5.890550950947678194e-02
5.940986828132290704e-02
5.991854545687794881e-02
6.043157801103275772e-02
6.094900323526353941e-02
6.147085874034221437e-02
6.199718245907038378e-02
6.252801264903673495e-02
6.306338789539757406e-02
6.360334711368195726e-02
6.414792955262003937e-02
6.469717479699613194e-02
6.525112277052620702e-02
6.580981373875946505e-02
6.637328831200570156e-02
6.694158744828680729e-02
6.751475245631403943e-02
6.809282499849088344e-02
6.867584709394100595e-02
6.926386112156301955e-02
6.985690982311060226e-02
7.045503630629942893e-02
7.105828404794074793e-02
7.166669689710125635e-02
7.228031907829091107e-02
7.289919519467709386e-02
7.352337023132701765e-02
7.415288955847749996e-02
7.478779893483283869e-02
7.542814451089106809e-02
7.607397283229835883e-02
7.672533084323251984e-02
7.738226588981515774e-02
7.804482572355325720e-02
7.871305850481026545e-02
7.938701280630651447e-02
8.006673761665014655e-02
8.075228234389784931e-02
8.144369681914634396e-02
8.214103130015454335e-02
8.284433647499658826e-02
8.355366346574635839e-02
8.426906383219341656e-02
8.499058957559081640e-02
8.571829314243513409e-02
8.645222742827828044e-02
8.719244578157298031e-02
8.793900200755014329e-02
8.869195037212995736e-02
8.945134560586669170e-02
9.021724290792634826e-02
9.098969795009974326e-02
9.176876688084859013e-02
9.255450632938713729e-02
9.334697340979850044e-02
9.414622572518581423e-02
9.495232137185985466e-02
9.576531894356149488e-02
9.658527753572096475e-02
9.741225674975359516e-02
9.824631669739161688e-02
9.908751800505423424e-02
9.993592181825396159e-02
1.007915898060413873e-01
1.016545841654877685e-01
1.025249676262061233e-01
1.034028034549107494e-01
1.042881554600161159e-01
1.051810879962749162e-01
1.060816659694559377e-01
1.069899548410621071e-01
1.079060206330884342e-01
1.088299299328213260e-01
1.097617498976786038e-01
1.107015482600910150e-01
1.116493933324257948e-01
1.126053540119518886e-01
1.135694997858481686e-01
1.145419007362542957e-01
1.155226275453648532e-01
1.165117515005670984e-01
1.175093444996229280e-01
1.185154790558946292e-01
1.195302283036160651e-01
1.205536660032085483e-01
1.215858665466423294e-01
1.226269049628442853e-01
1.236768569231512377e-01
1.247357987468106638e-01
1.258038074065281342e-01
1.268809605340622260e-01
1.279673364258678003e-01
1.290630140487867838e-01
1.301680730457883406e-01
1.312825937417580746e-01
1.324066571493365263e-01
1.335403449748081006e-01
1.346837396240398443e-01
1.358369242084716266e-01
1.369999825511572233e-01
1.381729991928573598e-01
1.393560593981849616e-01
1.405492491618025863e-01
1.417526552146734509e-01
1.429663650303656663e-01
1.441904668314105964e-01
1.454250495957157552e-01
1.466702030630321063e-01
1.479260177414773447e-01
1.491925849141147453e-01
1.504699966455883553e-01
1.517583457888149190e-01
1.530577259917335897e-01
1.543682317041124297e-01
1.556899581844142788e-01
1.570230015067207718e-01
1.583674585677157243e-01
1.597234270937287204e-01
1.610910056478381813e-01
1.624702936370361062e-01
1.638613913194536809e-01
1.652643998116488100e-01
1.666794210959564315e-01
1.681065580279009763e-01
1.695459143436730265e-01
1.709975946676697278e-01
1.724617045200995957e-01
1.739383503246530460e-01
1.754276394162374852e-01
1.769296800487798194e-01
1.784445814030950761e-01
1.799724535948224180e-01
1.815134076824297948e-01
1.830675556752859034e-01
1.846350105418024246e-01
1.862158862176453156e-01
1.878102976140166580e-01
1.894183606260075037e-01
1.910401921410218307e-01
1.926759100472729691e-01
1.943256332423528576e-01
1.959894816418743246e-01
1.976675761881875326e-01
1.993600388591715011e-01
2.010669926770997928e-01
2.027885617175832766e-01
2.045248711185888579e-01
2.062760470895353970e-01
2.080422169204680927e-01
2.098235089913104146e-01
2.116200527811961940e-01
2.134319788778810956e-01
2.152594189872348296e-01
2.171025059428149662e-01
2.189613737155217676e-01
2.208361574233367319e-01
2.227269933411440139e-01
2.246340189106358909e-01
2.265573727503035761e-01
2.284971946655125763e-01
2.304536256586652287e-01
2.324268079394499753e-01
2.344168849351781492e-01
2.364240013012098574e-01
2.384483029314681812e-01
2.404899369690443600e-01
2.425490518168932075e-01
2.446257971486202609e-01
2.467203239193617170e-01
2.488327843767563774e-01
2.509633320720127680e-01
2.531121218710704612e-01
2.552793099658568488e-01
2.574650538856406712e-01
2.596695125084826361e-01
2.618928460727835694e-01
2.641352161889322092e-01
2.663967858510524755e-01
2.686777194488507159e-01
2.709781827795659792e-01
2.732983430600201546e-01
2.756383689387736924e-01
2.779984305083841312e-01
2.803786993177694309e-01
2.827793483846785527e-01
2.852005522082666777e-01
2.876424867817799491e-01
2.901053296053479613e-01
2.925892596988857730e-01
2.950944576151072751e-01
2.976211054526481381e-01
3.001693868693030565e-01
3.027394870953754591e-01
3.053315929471410173e-01
3.079458928404281703e-01
3.105825768043123936e-01
3.132418364949298706e-01
3.159238652094085720e-01
3.186288578999185161e-01
3.213570111878429891e-01
3.241085233780698349e-01
3.268835944734065913e-01
3.296824261891180274e-01
3.325052219675884713e-01
3.353521869931098132e-01
3.382235282067963533e-01
3.411194543216262143e-01
3.440401758376128716e-01
3.469859050571059700e-01
3.499568561002229239e-01
3.529532449204139111e-01
3.559752893201578172e-01
3.590232089667947379e-01
3.620972254084932063e-01
3.651975620903537556e-01
3.683244443706515936e-01
3.714780995372164996e-01
3.746587568239545529e-01
3.778666474275106379e-01
3.811020045240737231e-01
3.843650632863266359e-01
3.876560609005391678e-01
3.909752365838096155e-01
3.943228316014529833e-01
3.976990892845377878e-01
4.011042550475741320e-01
4.045385764063515466e-01
4.080023029959309322e-01
4.114956865887903215e-01
4.150189811131255180e-01
4.185724426713073876e-01
4.221563295584988551e-01
4.257709022814281097e-01
4.294164235773255678e-01
4.330931584330215967e-01
4.368013741042076070e-01
4.405413401348632907e-01
4.443133283768482267e-01
4.481176130096629628e-01
4.519544705603785184e-01
4.558241799237365277e-01
4.597270223824224678e-01
4.636632816275103042e-01
4.676332437790843843e-01
4.716371974070367457e-01
4.756754335520426702e-01
4.797482457467168726e-01
4.838559300369483784e-01
4.879987850034206431e-01
4.921771117833144693e-01
4.963912140921972749e-01
5.006413982461003220e-01
5.049279731837827967e-01
5.092512504891895109e-01
5.136115444140986197e-01
5.180091719009639606e-01
5.224444526059544014e-01
5.269177089221871446e-01
5.314292660031632032e-01
5.359794517864020502e-01
5.405685970172784405e-01
5.451970352730642899e-01
5.498651029871759466e-01
5.545731394736280739e-01
5.593214869516985877e-01
5.641104905708038686e-01
5.689404984355865835e-01
5.738118616312201103e-01
5.787249342489269033e-01
5.836800734117173484e-01
5.886776393003486652e-01
5.937179951795051869e-01
5.988015074242047930e-01
6.039285455464283858e-01
6.090994822219804039e-01
6.143146933175772650e-01
6.195745579181682894e-01
6.248794583544926562e-01
6.302297802308675090e-01
6.356259124532188665e-01
6.410682472573498991e-01
6.465571802374515675e-01
6.520931103748593971e-01
6.576764400670520594e-01
6.633075751569030842e-01
6.689869249621800407e-01
6.747149023052969596e-01
6.804919235433229963e-01
6.863184085982451110e-01
6.921947809874920976e-01
6.981214678547197350e-01
7.040989000008587295e-01
7.101275119154285553e-01
7.162077418081215230e-01
7.223400316406529686e-01
7.285248271588884439e-01
7.347625779252437983e-01
7.410537373513623738e-01
7.473987627310750836e-01
7.537981152736370483e-01
7.602522601372544431e-01
7.667616664628953416e-01
7.733268074083903265e-01
7.799481601828274213e-01
7.866262060812367896e-01
7.933614305195774152e-01
8.001543230700202125e-01
8.070053774965341153e-01
8.139150917907786997e-01
8.208839682082995637e-01
8.279125133050384555e-01
8.350012379741530433e-01
8.421506574831529868e-01
8.493612915113553097e-01
8.566336641876567404e-01
8.639683041286327914e-01
8.713657444769624671e-01
8.788265229401803769e-01
8.863511818297640232e-01
8.939402681005503837e-01
9.015943333904953283e-01
9.093139340607709897e-01
9.170996312362057479e-01
9.249519908460723805e-01
9.328715836652249349e-01
9.408589853555858751e-01
9.489147765079910535e-01
9.570395426843916198e-01
9.652338744604170850e-01
9.734983674683052035e-01
9.818336224401946755e-01
9.902402452517931053e-01
9.987188469664166623e-01
1.007270043879406884e+00
1.015894457562930731e+00
1.024592714911155333e+00
1.033365448185823654e+00
1.042213295062208500e+00
1.051136898675461451e+00
1.060136907667368567e+00
1.069213976233490460e+00
1.078368764170721805e+00
1.087601936925248758e+00
1.096914165640914707e+00
1.106306127208012802e+00
1.115778504312478825e+00
1.125331985485522823e+00
1.134967265153673077e+00
1.144685043689250836e+00
1.154486027461285369e+00
1.164370928886850676e+00
1.174340466482858059e+00
1.184395364918279903e+00
1.194536355066821542e+00
1.204764174060054982e+00
1.215079565340990708e+00
1.225483278718125790e+00
1.235976070419942285e+00
1.246558703149872382e+00
1.257231946141747159e+00
1.267996575215700750e+00
1.278853372834571900e+00
1.289803128160776691e+00
1.300846637113666660e+00
1.311984702427393179e+00
1.323218133709245015e+00
1.334547747498509018e+00
1.345974367325811771e+00
1.357498823772990137e+00
1.369121954533460528e+00
1.380844604473105974e+00
1.392667625691697442e+00
1.404591877584819848e+00
1.416618226906350753e+00
1.428747547831457965e+00
1.440980722020138938e+00
1.453318638681316166e+00
1.465762194637460825e+00
1.478312294389791948e+00
1.490969850184018508e+00
1.503735782076644600e+00
1.516611018001856603e+00
1.529596493838962346e+00
1.542693153480428236e+00
1.555901948900485277e+00
1.569223840224321265e+00
1.582659795797882074e+00
1.596210792258246025e+00
1.609877814604625534e+00
1.623661856269960513e+00
1.637563919193123274e+00
1.651585013891760712e+00
1.665726159535733109e+00
1.679988384021207537e+00
1.694372724045368983e+00
1.708880225181771184e+00
1.723511941956349824e+00
1.738268937924059454e+00
1.753152285746194750e+00
1.768163067268354816e+00
1.783302373599075397e+00
1.798571305189151870e+00
1.813970971911615937e+00
1.829502493142421526e+00
1.845166997841806156e+00
1.860965624636346849e+00
1.876899521901738588e+00
1.892969847846251996e+00
1.909177770594936208e+00
1.925524468274520506e+00
1.942011129099045830e+00
1.958638951456247224e+00
1.975409143994646621e+00
1.992322925711422332e+00
2.009381526041008392e+00
2.026586184944456193e+00
2.043938152999576374e+00
2.061438691491828124e+00
2.079089072506012048e+00
2.096890579018730438e+00
2.114844504991638896e+00
2.132952155465515531e+00
2.151214846655107316e+00
2.169633906044816207e+00
2.188210672485186858e+00
2.206946496290218995e+00
2.225842739335533782e+00
2.244900775157348871e+00
2.264121989052337192e+00
2.283507778178301972e+00
2.303059551655751935e+00
2.322778730670320257e+00
2.342666748576059721e+00
2.362725050999649135e+00
2.382955095945453738e+00
2.403358353901522637e+00
2.423936307946466862e+00
2.444690453857256696e+00
2.465622300217963581e+00
2.486733368529396859e+00
2.508025193319716184e+00
2.529499322255966298e+00
2.551157316256567498e+00
2.573000749604794191e+00
2.595031210063183824e+00
2.617250298988970325e+00
2.639659631450473665e+00
2.662260836344490844e+00
2.685055556514713171e+00
2.708045448871123195e+00
2.731232184510450800e+00
2.754617448837632931e+00
2.778202941688316496e+00
2.801990377452435510e+00
2.825981485198803433e+00
2.850178008800817953e+00
2.874581707063210700e+00
2.899194353849883221e+00
2.924017738212866924e+00
2.949053664522341300e+00
2.974303952597814327e+00
2.999770437840389992e+00
3.025454971366172696e+00
3.051359420140844492e+00
3.077485667115344103e+00
3.103835611362760094e+00
3.130411168216360007e+00
3.157214269408803897e+00
3.184246863212582213e+00
3.211510914581603426e+00
3.239008405294050430e+00
3.266741334096419092e+00
3.294711716848795824e+00
3.322921586671410132e+00
3.351372994092390201e+00
3.380068007196839641e+00
3.409008711777149259e+00
3.438197211484600668e+00
3.467635627982303070e+00
3.497326101099382800e+00
3.527270788986550887e+00
3.557471868272962023e+00
3.587931534224423569e+00
3.618652000902985666e+00
3.649635501327853859e+00
3.680884287637728569e+00
3.712400631254483052e+00
3.744186823048292201e+00
3.776245173504143793e+00
3.808578012889769937e+00
3.841187691425059114e+00
3.874076579452857327e+00
3.907247067611292035e+00
3.940701567007532713e+00
3.974442509393036893e+00
4.008472347340338082e+00
4.042793554421289848e+00
4.077408625386889973e+00
4.112320076348608744e+00
4.147530444961270213e+00
4.183042290607538405e+00
4.218858194583919641e+00
4.254980760288422204e+00
4.291412613409783638e+00
4.328156402118310098e+00
4.365214797258401447e+00
4.402590492542652001e+00
4.440286204747687648e+00
4.478304673911625677e+00
4.516648663533232799e+00
4.555320960772828442e+00
4.594324376654846276e+00
4.633661746272191628e+00
4.673335928992306876e+00
4.713349808665000751e+00
4.753706293832101970e+00
4.794408317938838593e+00
4.835458839547100318e+00
4.876860842550476249e+00
4.918617336391132966e+00
4.960731356278601289e+00
5.003205963410362500e+00
5.046044245194392985e+00
5.089249315473570512e+00
5.132824314752000738e+00
5.176772410423323478e+00
5.221096797000914336e+00
5.265800696350116716e+00
5.310887357922420726e+00
5.356360058991645801e+00
5.402222104892197230e+00
5.448476829259279341e+00
5.495127594271254523e+00
5.542177790894013967e+00
5.589630839127447182e+00
5.637490188254074219e+00
5.685759317089721598e+00
5.734441734236434662e+00
5.783540978337492255e+00
5.833060618334608982e+00
5.883004253727394328e+00
5.933375514834950515e+00
5.984178063059791164e+00
6.035415591153969750e+00
6.087091823487477349e+00
6.139210516319005606e+00
6.191775458068932814e+00
6.244790469594748927e+00
6.298259404468734779e+00
6.352186149258118419e+00
6.406574623807561153e+00
6.461428781524069187e+00
6.516752609664402840e+00
6.572550129624850079e+00
6.628825397233584660e+00
6.685582503045455205e+00
6.742825572639301157e+00
6.800558766917881748e+00
6.858786282410269664e+00
6.917512351576940333e+00
6.976741243117396962e+00
7.036477262280438794e+00
7.096724751177150736e+00
7.157488089096464279e+00
7.218771692823534813e+00
7.280580016960765732e+00
7.342917554251585877e+00
7.405788835907069156e+00
7.469198431935245353e+00
7.533150951473333912e+00
7.597651043122753300e+00
7.662703395286998287e+00
7.728312736512487291e+00
7.794483835832205720e+00
7.861221503112417075e+00
7.928530589402260631e+00
7.996415987286341398e+00
8.064882631240418931e+00
8.133935497990025354e+00
8.203579606872265728e+00
8.273820020200645331e+00
8.344661843633017995e+00
8.416110226542757644e+00
8.488170362393001156e+00
8.560847489114202347e+00
8.634146889484849652e+00
8.708073891515432763e+00
8.782633868835787894e+00
8.857832241085628056e+00
8.933674474308553215e+00
9.010166081349334277e+00
9.087312622254609451e+00
9.165119704677099577e+00
9.243592984283143466e+00
9.322738165163862334e+00
9.402561000249757939e+00
9.483067291728847437e+00
9.564262891468487737e+00
9.646153701440658423e+00
9.728745674151035416e+00
9.812044813071636895e+00
9.896057173077176472e+00
9.980788860885255076e+00
1.006624603550016417e+01
1.015243490866064491e+01
1.023936174529137766e+01
1.032703286395834219e+01
1.041545463732817112e+01
1.050463349263128521e+01
1.059457591212916583e+01
1.068528843358545366e+01
1.077677765074123961e+01
1.086905021379432412e+01
1.096211282988257274e+01
1.105597226357152785e+01
1.115063533734602252e+01
1.124610893210616958e+01
1.134239998766749835e+01
1.143951550326535838e+01
1.153746253806376032e+01
1.163624821166840562e+01
1.173587970464427954e+01
1.183636425903755907e+01
1.193770917890199179e+01
1.203992183082989520e+01
1.214300964448752573e+01
1.224698011315521562e+01
1.235184079427200921e+01
1.245759930998496934e+01
1.256426334770329234e+01
1.267184066065700421e+01
1.278033906846061640e+01
1.288976645768147655e+01
1.300013078241299702e+01
1.311144006485291413e+01
1.322370239588630270e+01
1.333692593567377926e+01
1.345111891424461703e+01
1.356628963209492333e+01
1.368244646079109472e+01
1.379959784357821384e+01
1.391775229599386954e+01
1.403691840648710887e+01
1.415710483704265954e+01
1.427832032381066441e+01
1.440057367774157449e+01
1.452387378522671213e+01
1.464822960874416147e+01
1.477365018751018688e+01
1.490014463813638912e+01
1.502772215529225086e+01
1.515639201237359224e+01
1.528616356217658989e+01
1.541704623757757275e+01
1.554904955221878637e+01
1.568218310119980075e+01
1.581645656177507497e+01
1.595187969405732709e+01
1.608846234172694167e+01
1.622621443274758590e+01
1.636514598008774968e+01
1.650526708244867180e+01
1.664658792499834306e+01
1.678911878011182068e+01
1.693287000811799814e+01
1.707785205805257078e+01
1.722407546841768067e+01
1.737155086794781411e+01
1.752028897638249205e+01
1.767030060524544055e+01
1.782159665863039066e+01
1.797418813399380610e+01
1.812808612295414079e+01
1.828330181209817340e+01
1.843984648379410984e+01
1.859773151701160998e+01
1.875696838814903700e+01
1.891756867186751379e+01
1.907954404193239384e+01
1.924290627206174875e+01
1.940766723678213168e+01
1.957383891229184059e+01
1.974143337733129755e+01
1.991046281406116947e+01
2.008093950894780377e+01
2.025287585365627052e+01
2.042628434595120623e+01
2.060117759060510778e+01
2.077756830031469448e+01
2.095546929662491209e+01
2.113489351086083801e+01
2.131585398506780038e+01
2.149836387295919593e+01
2.168243644087276678e+01
2.186808506873485669e+01
2.205532325103288471e+01
2.224416459779641286e+01
2.243462283558625359e+01
2.262671180849237729e+01
2.282044547914015808e+01
2.301583792970522424e+01
2.321290336293722945e+01
2.341165610319202983e+01
2.361211059747307672e+01
2.381428141648147445e+01
2.401818325567500878e+01
2.422383093633652607e+01
2.443123940665105920e+01
2.464042374279256364e+01
2.485139915001970934e+01
2.506418096378104110e+01
2.527878465082986281e+01
2.549522581034829116e+01
2.571352017508132448e+01
2.593368361248032983e+01
2.615573212585634977e+01
2.637968185554355927e+01
2.660554908007224029e+01
2.683335021735224757e+01
2.706310182586630120e+01
2.729482060587353587e+01
2.752852340062358394e+01
2.776422719758067714e+01
2.800194912965861960e+01
2.824170647646608145e+01
2.848351666556252937e+01
2.872739727372520235e+01
2.897336602822652551e+01
2.922144080812288180e+01
2.947163964555400284e+01
2.972398072705388827e+01
2.997848239487266397e+01
3.023516314830975915e+01
3.049404164505881454e+01
3.075513670256361465e+01
3.101846729938612413e+01
3.128405257658591765e+01
3.155191183911140129e+01
3.182206455720330140e+01
3.209453036780963942e+01
3.236932907601336495e+01
3.264648065647183728e+01
3.292600525486865592e+01
3.320792318937824206e+01
3.349225495214248127e+01
3.377902121076048303e+01
3.406824280979078168e+01
3.435994077226638410e+01
3.465413630122314004e+01
3.495085078124068900e+01
3.525010577999708516e+01
3.555192304983646068e+01
3.585632452934999748e+01
3.616333234497090388e+01
3.647296881258245094e+01
3.678525643914031207e+01
3.710021792430846688e+01
3.741787616210908141e+01
3.773825424258689765e+01
3.806137545348730811e+01
3.838726328194937309e+01
3.871594141621294938e+01
3.904743374734041339e+01
3.938176437095356164e+01
3.971895758898475748e+01
4.005903791144365300e+01
4.040203005819870441e+01
4.074795896077385038e+01
4.109684976416107105e+01
4.144872782864775473e+01
4.180361873166044973e+01
4.216154826962385727e+01
4.252254245983585434e+01
4.288662754235890162e+01
4.325382998192707618e+01
4.362417646987004360e+01
4.399769392605306706e+01
4.437440950083365010e+01
4.475435057703535335e+01
4.513754477193783288e+01
4.552401993928464208e+01
4.591380417130770297e+01
4.630692580076918574e+01
4.670341340302124422e+01
4.710329579808277600e+01
4.750660205273462111e+01
4.791336148263221872e+01
4.832360365443640404e+01
4.873735838796284980e+01
4.915465575834927847e+01
4.957552609824192302e+01
4.999999999999999289e+01
