# lnm
2.693787393536860364e+01
2.697856084418703659e+01
2.701924775300547310e+01
2.705993466182390605e+01
2.710062157064233901e+01
2.714130847946077196e+01
2.718199538827920847e+01
2.722268229709764142e+01
2.726336920591607438e+01
2.730405611473450733e+01
2.734474302355294384e+01
2.738542993237137679e+01
2.742611684118980975e+01
2.746680375000824625e+01
2.750749065882667921e+01
2.754817756764511216e+01
2.758886447646354512e+01
2.762955138528198162e+01
2.767023829410041458e+01
2.771092520291884753e+01
2.775161211173728049e+01
2.779229902055571699e+01
2.783298592937414995e+01
2.787367283819258290e+01
2.791435974701101586e+01
2.795504665582945236e+01
2.799573356464788532e+01
2.803642047346631827e+01
2.807710738228475478e+01
2.811779429110318773e+01
2.815848119992162069e+01
2.819916810874005364e+01
2.823985501755849015e+01
2.828054192637692310e+01
2.832122883519535606e+01
2.836191574401378901e+01
2.840260265283222552e+01
2.844328956165065847e+01
2.848397647046909142e+01
2.852466337928752793e+01
2.856535028810596089e+01
2.860603719692439384e+01
2.864672410574282679e+01
2.868741101456126330e+01
2.872809792337969625e+01
2.876878483219812921e+01
2.880947174101656216e+01
2.885015864983499867e+01
2.889084555865343162e+01
2.893153246747186458e+01
2.897221937629029753e+01
2.901290628510873404e+01
2.905359319392716699e+01
2.909428010274559995e+01
2.913496701156403645e+01
2.917565392038246941e+01
2.921634082920090236e+01
2.925702773801933532e+01
2.929771464683777182e+01
2.933840155565620478e+01
2.937908846447463773e+01
2.941977537329307069e+01
2.946046228211150719e+01
2.950114919092994015e+01
2.954183609974837310e+01
2.958252300856680961e+01
2.962320991738524256e+01
2.966389682620367552e+01
2.970458373502210847e+01
2.974527064384054498e+01
2.978595755265897793e+01
2.982664446147741089e+01
2.986733137029584384e+01
2.990801827911428035e+01
2.994870518793271330e+01
2.998939209675114625e+01
3.003007900556957921e+01
3.007076591438801572e+01
3.011145282320644867e+01
3.015213973202488162e+01
3.019282664084331813e+01
3.023351354966175109e+01
3.027420045848018404e+01
3.031488736729861699e+01
3.035557427611705350e+01
3.039626118493548645e+01
3.043694809375391941e+01
3.047763500257235236e+01
3.051832191139078887e+01
3.055900882020922182e+01
3.059969572902765478e+01
3.064038263784609128e+01
3.068106954666452424e+01
3.072175645548295719e+01
3.076244336430139015e+01
3.080313027311982665e+01
3.084381718193825961e+01
3.088450409075669256e+01
3.092519099957512552e+01
3.096587790839356202e+01
3.100656481721199498e+01
3.104725172603042793e+01
3.108793863484886089e+01
3.112862554366729739e+01
3.116931245248573035e+01
3.120999936130416330e+01
3.125068627012259981e+01
3.129137317894103276e+01
3.133206008775946572e+01
3.137274699657789867e+01
3.141343390539633518e+01
3.145412081421476813e+01
3.149480772303320109e+01
3.153549463185163404e+01
3.157618154067007055e+01
3.161686844948850350e+01
3.165755535830693645e+01
3.169824226712537296e+01
3.173892917594380592e+01
3.177961608476223887e+01
3.182030299358067182e+01
3.186098990239910833e+01
3.190167681121754129e+01
3.194236372003597424e+01
3.198305062885440719e+01
3.202373753767284370e+01
3.206442444649127310e+01
3.210511135530970961e+01
3.214579826412814612e+01
3.218648517294657552e+01
3.222717208176501202e+01
3.226785899058344853e+01
3.230854589940187793e+01
3.234923280822031444e+01
3.238991971703875095e+01
3.243060662585718035e+01
3.247129353467561685e+01
3.251198044349404626e+01
3.255266735231248276e+01
3.259335426113091927e+01
3.263404116994934867e+01
3.267472807876778518e+01
3.271541498758622168e+01
3.275610189640465109e+01
3.279678880522308759e+01
3.283747571404152410e+01
3.287816262285995350e+01
3.291884953167839001e+01
3.295953644049681941e+01
3.300022334931525592e+01
3.304091025813369242e+01
3.308159716695212182e+01
3.312228407577055833e+01
3.316297098458899484e+01
3.320365789340742424e+01
3.324434480222586075e+01
3.328503171104429725e+01
3.332571861986272665e+01
3.336640552868116316e+01
3.340709243749959256e+01
3.344777934631802907e+01
3.348846625513646558e+01
3.352915316395489498e+01
3.356984007277333149e+01
3.361052698159176799e+01
3.365121389041019739e+01
3.369190079922863390e+01
3.373258770804707041e+01
3.377327461686549981e+01
3.381396152568393632e+01
3.385464843450236572e+01
3.389533534332080222e+01
3.393602225213923873e+01
3.397670916095766813e+01
3.401739606977610464e+01
3.405808297859454115e+01
3.409876988741297055e+01
3.413945679623140705e+01
3.418014370504983646e+01
3.422083061386827296e+01
3.426151752268670947e+01
3.430220443150513887e+01
3.434289134032357538e+01
3.438357824914201188e+01
3.442426515796044129e+01
3.446495206677887779e+01
3.450563897559731430e+01
3.454632588441574370e+01
3.458701279323418021e+01
3.462769970205260961e+01
3.466838661087104612e+01
3.470907351968948262e+01
3.474976042850791202e+01
3.479044733732634853e+01
3.483113424614478504e+01
3.487182115496321444e+01
3.491250806378165095e+01
3.495319497260008745e+01
3.499388188141851685e+01
3.503456879023695336e+01
3.507525569905538276e+01
3.511594260787381927e+01
3.515662951669225578e+01
3.519731642551068518e+01
3.523800333432912169e+01
3.527869024314755819e+01
3.531937715196598759e+01
3.536006406078442410e+01
3.540075096960286061e+01
3.544143787842129001e+01
3.548212478723972652e+01
3.552281169605815592e+01
3.556349860487659242e+01
3.560418551369502893e+01
3.564487242251345833e+01
3.568555933133189484e+01
3.572624624015033135e+01
3.576693314896876075e+01
3.580762005778719725e+01
3.584830696660563376e+01
3.588899387542406316e+01
3.592968078424249967e+01
3.597036769306092907e+01
3.601105460187936558e+01
3.605174151069780208e+01
3.609242841951623149e+01
3.613311532833466799e+01
3.617380223715310450e+01
3.621448914597153390e+01
3.625517605478997041e+01
3.629586296360839981e+01
3.633654987242683632e+01
3.637723678124527282e+01
3.641792369006370222e+01
3.645861059888213873e+01
3.649929750770057524e+01
3.653998441651900464e+01
3.658067132533744115e+01
3.662135823415587765e+01
3.666204514297430705e+01
3.670273205179274356e+01
3.674341896061117296e+01
3.678410586942960947e+01
3.682479277824804598e+01
3.686547968706647538e+01
3.690616659588491189e+01
3.694685350470334839e+01
3.698754041352177779e+01
3.702822732234021430e+01
3.706891423115865081e+01
3.710960113997708021e+01
3.715028804879551672e+01
3.719097495761394612e+01
3.723166186643238262e+01
3.727234877525081913e+01
3.731303568406924853e+01
3.735372259288768504e+01
3.739440950170612155e+01
3.743509641052455095e+01
3.747578331934298745e+01
3.751647022816142396e+01
3.755715713697985336e+01
3.759784404579828987e+01
3.763853095461671927e+01
3.767921786343515578e+01
3.771990477225359228e+01
3.776059168107202169e+01
3.780127858989045819e+01
3.784196549870889470e+01
3.788265240752732410e+01
3.792333931634576061e+01
3.796402622516419711e+01
3.800471313398262652e+01
3.804540004280106302e+01
3.808608695161949242e+01
3.812677386043792893e+01
3.816746076925636544e+01
3.820814767807479484e+01
3.824883458689323135e+01
3.828952149571166785e+01
3.833020840453009725e+01
3.837089531334853376e+01
3.841158222216697027e+01
3.845226913098539967e+01
3.849295603980383618e+01
3.853364294862226558e+01
3.857432985744070209e+01
3.861501676625913859e+01
3.865570367507756799e+01
3.869639058389600450e+01
3.873707749271444101e+01
3.877776440153287041e+01
3.881845131035130692e+01
3.885913821916973632e+01
3.889982512798817282e+01
3.894051203680660933e+01
3.898119894562503873e+01
3.902188585444347524e+01
3.906257276326191175e+01
3.910325967208034115e+01
