# m_h
5.000000000000003662e+11
5.207629809488756104e+11
5.423881646535194702e+11
5.649113549127122803e+11
5.883698423124241943e+11
6.128024659660753174e+11
6.382496778186323242e+11
6.647536096209803467e+11
6.923581426854932861e+11
7.211089805382482910e+11
7.510537245882078857e+11
7.822419529386213379e+11
8.147253024711724854e+11
8.485575543387265625e+11
8.837947230082448730e+11
9.204951490013181152e+11
9.587195954858109131e+11
9.985313488785849609e+11
1.039996323625826416e+12
1.083183171334513062e+12
1.128163394435634521e+12
1.175011464567409668e+12
1.223804945874455811e+12
1.274624623427116943e+12
1.327554636973485840e+12
1.382682620245633789e+12
1.440099846050635742e+12
1.499901377386690674e+12
1.562186224834439209e+12
1.627057510484104736e+12
1.694622638669916260e+12
1.764993473794388672e+12
1.838286525536958984e+12
1.914623141753554932e+12
1.994129709386564209e+12
2.076937863717722900e+12
2.163184706310467773e+12
2.253013032002512695e+12
2.346571565324584473e+12
2.444015206736606445e+12
2.545505289089073242e+12
2.651209844734308105e+12
2.761303883729686035e+12
2.875969683593565430e+12
2.995397091093557129e+12
3.119783836566940918e+12
3.249335861293437012e+12
3.384267658462514648e+12
3.524802628299618164e+12
3.671173447939478516e+12
3.823622456658646484e+12
3.982402057105250488e+12
4.147775133190125977e+12
4.320015485331415527e+12
4.499408283772996094e+12
4.686250540727375977e+12
4.880851602124933594e+12
5.083533659783347656e+12
5.294632284845460938e+12
5.514496983368553711e+12
5.743491774985175781e+12
5.981995795593252930e+12
6.230403925073583984e+12
6.489127441073784180e+12
6.758594699941460938e+12
7.039251845933592773e+12
7.331563549876500977e+12
7.636013778499608398e+12
7.953106595716280273e+12
8.283366997178771484e+12
8.627341779488700195e+12
8.985600445502619141e+12
9.358736147230970703e+12
9.747366667892017578e+12
1.015213544474630469e+13
1.057371263440564062e+13
1.101279622237973047e+13
1.147011317869800195e+13
1.194642066151950195e+13
1.244250727072425781e+13
1.295919435356088281e+13
1.349733736451239453e+13
1.405782728163221875e+13
1.464159208169443555e+13
1.524959827660133789e+13
1.588285251359148438e+13
1.654240324189847461e+13
1.722934244861877344e+13
1.794480746666347266e+13
1.868998285778660938e+13
1.946610237380866406e+13
2.027445099928122656e+13
2.111636707897518359e+13
2.199324453371562109e+13
2.290653516823060156e+13
2.385775107483611328e+13
2.484846713693576953e+13
2.588032363648166797e+13
2.695502896971165625e+13
2.807436247566076172e+13
2.924017738212868359e+13
3.045440387398242578e+13
3.171905228887212109e+13
3.303621644565269531e+13
3.440807711102070703e+13
3.583690561010781250e+13
3.732506758700656250e+13
3.887502692145555469e+13
4.048934980816993750e+13
4.217070900556869531e+13
4.392188826093521875e+13
4.574578691933606250e+13
4.764542472393102344e+13
4.962394681561911719e+13
5.168462894030069531e+13
5.383088287237499219e+13
5.606626206345550000e+13
5.839446752565205469e+13
6.081935395916170312e+13
6.334493613431564844e+13
6.597539553864467188e+13
6.871508729997169531e+13
7.156854739699090625e+13
7.454050016927570312e+13
7.763586613914429688e+13
8.085977015833754688e+13
8.421754989299323438e+13
8.771476466097187500e+13
9.135720463615385938e+13
9.515090043495943750e+13
9.910213310095856250e+13
1.032174445040951250e+14
1.075036481717549688e+14
1.119678405696048281e+14
1.166174128508720469e+14
1.214600630935311719e+14
1.265038090456519531e+14
1.317570014000015312e+14
1.372283376199003281e+14
1.429268763391964375e+14
1.488620523602218750e+14
1.550436922745539375e+14
1.614820307324341875e+14
1.681877273878000000e+14
1.751718845469756562e+14
1.824460655502311250e+14
1.900223139166638438e+14
1.979131732840903125e+14
2.061317081769475625e+14
2.146915256366224688e+14
2.236067977499795625e+14
2.328922851134223750e+14
2.425633612713232500e+14
2.526360381692673750e+14
2.631269926642820625e+14
2.740535941359296875e+14
2.854339332439608750e+14
2.972868518801735625e+14
3.096319743640529375e+14
3.224897399338186875e+14
3.358814365867270625e+14
3.498292363245904375e+14
3.643562318629231875e+14
3.794864748644722500e+14
3.952450157604073125e+14
4.116579452251483125e+14
4.287524373734755625e+14
4.465567947514157500e+14
4.651004951954429375e+14
4.844142406375555000e+14
5.045300079369965000e+14
5.254811018228618125e+14
5.473022100351478750e+14
5.700294607556200000e+14
5.937004824235551250e+14
6.183544660353540000e+14
6.440322300312396250e+14
6.707762878764425000e+14
6.986309184487116250e+14
7.276422393488057500e+14
7.578582832552007500e+14
7.893290774495480000e+14
8.221067266445073750e+14
8.562454992510345000e+14
8.918019172280501250e+14
9.288348496632062500e+14
9.674056102396267500e+14
1.007578058750103875e+15
1.049418706826773750e+15
1.092996828061245000e+15
1.138384572697682500e+15
1.185657087088517500e+15
1.234892638110748750e+15
1.286172742748752750e+15
1.339582303058067250e+15
1.395209746733752500e+15
1.453147173515993500e+15
1.513490507675247750e+15
1.576339656829571250e+15
1.641798677356995000e+15
1.709975946676692500e+15
1.780984342684465000e+15
1.854941430639276750e+15
1.931969657810555000e+15
2.012196556208413250e+15
2.095754953732316000e+15
2.182783194088018000e+15
2.273425365836775000e+15
2.367831540955901000e+15
2.466158023305918500e+15
2.568567607415560500e+15
2.675229848012885500e+15
2.786321340749203500e+15
2.902026014580054000e+15
3.022535436287775000e+15
3.148049127649673000e+15
3.278774895776711500e+15
3.414929177170023500e+15
3.556737396064715000e+15
3.704434337654015500e+15
3.858264536812140500e+15
4.018482682959257500e+15
4.185354041738579000e+15
4.359154894204426500e+15
4.540172994247568000e+15
4.728708045015871000e+15
4.925072195118803000e+15
5.129590555436995000e+15
5.342601737393113000e+15
5.564458413574975000e+15
5.795527901638685000e+15
6.036192772459504000e+15
6.286851483536157000e+15
6.547919038698272000e+15
6.819827675208835000e+15
7.103027579398806000e+15
7.397987632019565000e+15
7.705196184546866000e+15
8.025161867721079000e+15
8.358414433663315000e+15
8.705505632961256000e+15
9.067010128176224000e+15
9.443526445285422000e+15
9.835677964632778000e+15
1.024411395303062600e+16
1.066951063872042600e+16
1.111257233097161400e+16
1.157403258617349400e+16
1.205465542235030000e+16
1.255523658410937400e+16
1.307660486011829600e+16
1.361962345529155400e+16
1.418519141995765000e+16
1.477424513837516000e+16
1.538775987905940600e+16
1.602675140948890200e+16
1.669227767786411600e+16
1.738544056470183200e+16
1.810738770716718000e+16
1.885931439916286800e+16
1.964246557032027200e+16
2.045813784717119200e+16
2.130768169991182400e+16
2.219250367831167600e+16
2.311406874047301600e+16
2.407390267829196800e+16
2.507359464364078400e+16
2.611479977945234400e+16
2.719924196006136000e+16
2.832871664534246000e+16
2.950509385336922800e+16
3.073032125651389600e+16
3.200642740611740800e+16
3.333552509106707200e+16
3.471981483584010400e+16
3.616158854381028000e+16
3.766323329184280800e+16
3.922723528246581600e+16
4.085618396015972800e+16
4.255277629857696000e+16
4.431982126579500000e+16
4.616024447499368000e+16
4.807709302825328000e+16
5.007354056149895200e+16
5.215289249894140800e+16
5.431859152570972800e+16
5.657422328774602400e+16
5.892352232838800000e+16
6.137037827147766400e+16
6.391884226122980800e+16
6.657313366951819200e+16
6.933764708169220000e+16
7.221695957248648000e+16
7.521583828406467200e+16
7.833924831875636800e+16
8.159236095953974400e+16
8.498056223189278400e+16
8.850946182118409600e+16
9.218490236036131200e+16
9.601296910332518400e+16
