# r_perp
1.000000000000000368e-02
1.008553567677516159e-02
1.017180298875045713e-02
1.025880819401710047e-02
1.034655760419527816e-02
1.043505758489207680e-02
1.052431455616322474e-02
1.061433499297883068e-02
1.070512542569309819e-02
1.079669244051806656e-02
1.088904268000136059e-02
1.098218284350810890e-02
1.107611968770690763e-02
1.117086002705997352e-02
1.126641073431748456e-02
1.136277874101616903e-02
1.145997103798208731e-02
1.155799467583783734e-02
1.165685676551398223e-02
1.175656447876491373e-02
1.185712504868910618e-02
1.195854577025384606e-02
1.206083400082437994e-02
1.216399716069771486e-02
1.226804273364085103e-02
1.237297826743370341e-02
1.247881137441662729e-02
1.258554973204266403e-02
1.269320108343443068e-02
1.280177323794590323e-02
1.291127407172888188e-02
1.302171152830436905e-02
1.313309361913880639e-02
1.324542842422527303e-02
1.335872409266957404e-02
1.347298884328148282e-02
1.358823096517090476e-02
1.370445881834920707e-02
1.382168083433569714e-02
1.393990551676920972e-02
1.405914144202506828e-02
1.417939725983719673e-02
1.430068169392559492e-02
1.442300354262919700e-02
1.454637167954413689e-02
1.467079505416741571e-02
1.479628269254619835e-02
1.492284369793254670e-02
1.505048725144380109e-02
1.517922261272861353e-02
1.530905912063867773e-02
1.544000619390615073e-02
1.557207333182698827e-02
1.570527011495000819e-02
1.583960620577189865e-02
1.597509134943816619e-02
1.611173537445009449e-02
1.624954819337767753e-02
1.638853980357878395e-02
1.652872028792435818e-02
1.667009981552984577e-02
1.681268864249291922e-02
1.695649711263749748e-02
1.710153565826404154e-02
1.724781480090645247e-02
1.739534515209526302e-02
1.754413741412745587e-02
1.769420238084284600e-02
1.784555093840704473e-02
1.799819406610126196e-02
1.815214283711872115e-02
1.830740841936794733e-02
1.846400207628293849e-02
1.862193516764021686e-02
1.878121915038293704e-02
1.894186557945199897e-02
1.910388610862424549e-02
1.926729249135791799e-02
1.943209658164524525e-02
1.959831033487237015e-02
1.976594580868666282e-02
1.993501516387137518e-02
2.010553066522784843e-02
2.027750468246525273e-02
2.045094969109785901e-02
2.062587827335013446e-02
2.080230311906944296e-02
2.098023702664660040e-02
2.115969290394434377e-02
2.134068376923368981e-02
2.152322275213829073e-02
2.170732309458694997e-02
2.189299815177421157e-02
2.208026139312913722e-02
2.226912640329250376e-02
2.245960688310222678e-02
2.265171665058723915e-02
2.284546964196994615e-02
2.304087991267717711e-02
2.323796163835977618e-02
2.343672911592099839e-02
2.363719676455364183e-02
2.383937912678600612e-02
2.404329086953692698e-02
2.424894678517971677e-02
2.445636179261522630e-02
2.466555093835417004e-02
2.487652939760860715e-02
2.508931247539275891e-02
2.530391560763337044e-02
2.552035436228941925e-02
2.573864444048144448e-02
2.595880167763061491e-02
2.618084204460744899e-02
2.640478164889034640e-02
2.663063673573416723e-02
2.685842368934860530e-02
2.708815903408684153e-02
2.731985943564422398e-02
2.755354170226722091e-02
2.778922278597281345e-02
2.802691978377820636e-02
2.826664993894105818e-02
2.850843064221043541e-02
2.875227943308835896e-02
2.899821400110211972e-02
2.924625218708763047e-02
2.949641198448359203e-02
2.974871154063675471e-02
3.000316915811848326e-02
3.025980329605241700e-02
3.051863257145351338e-02
3.077967576057867582e-02
3.104295180028878928e-02
3.130847978942241649e-02
3.157627899018137368e-02
3.184636882952802256e-02
3.211876890059451456e-02
3.239349896410424062e-02
3.267057894980525401e-02
3.295002895791603048e-02
3.323186926058366991e-02
3.351612030335444220e-02
3.380280270665694115e-02
3.409193726729805446e-02
3.438354495997150706e-02
3.467764693877953275e-02
3.497426453876738978e-02
3.527341927747107420e-02
3.557513285647831425e-02
3.587942716300282497e-02
3.618632427147206593e-02
3.649584644512863379e-02
3.680801613764527608e-02
3.712285599475371317e-02
3.744038885588751170e-02
3.776063775583886339e-02
3.808362592642958872e-02
3.840937679819649703e-02
3.873791400209108948e-02
3.906926137119375725e-02
3.940344294244281509e-02
3.974048295837814132e-02
4.008040586889979190e-02
4.042323633304172048e-02
4.076899922076062527e-02
4.111771961473998510e-02
4.146942281220977744e-02
4.182413432678154519e-02
4.218187989029918011e-02
4.254268545470569346e-02
4.290657719392580033e-02
4.327358150576459533e-02
4.364372501382264569e-02
4.401703456942727966e-02
4.439353725358042430e-02
4.477326037892324223e-02
4.515623149171741485e-02
4.554247837384338415e-02
4.593202904481586551e-02
4.632491176381631909e-02
4.672115503174305989e-02
4.712078759327879840e-02
4.752383843897575039e-02
4.793033680735885732e-02
4.834031218704674254e-02
4.875379431889088205e-02
4.917081319813319806e-02
4.959139907658193652e-02
5.001558246480616865e-02
5.044339413434925645e-02
5.087486511996103244e-02
5.131002672184910296e-02
5.174891050794957342e-02
5.219154831621704987e-02
5.263797225693413878e-02
5.308821471504102107e-02
5.354230835248463549e-02
5.400028611058802636e-02
5.446218121244015414e-02
5.492802716530590518e-02
5.539785776305677228e-02
5.587170708862246316e-02
5.634960951646336008e-02
5.683159971506401148e-02
5.731771264944829358e-02
5.780798358371577045e-02
5.830244808359980047e-02
5.880114201904774324e-02
5.930410156682287826e-02
5.981136321312896520e-02
6.032296375625696011e-02
6.083894030925443563e-02
6.135933030261797594e-02
6.188417148700849080e-02
6.241350193598960150e-02
6.294736004878984104e-02
6.348578455308814816e-02
6.402881450782316186e-02
6.457648930602692683e-02
6.512884867768242714e-02
6.568593269260566969e-02
6.624778176335260893e-02
6.681443664815077399e-02
6.738593845385580650e-02
6.796232863893376941e-02
6.854364901646849140e-02
6.912994175719473777e-02
6.972124939255761045e-02
7.031761481779784384e-02
7.091908129506335756e-02
7.152569245654791241e-02
7.213749230765620357e-02
7.275452523019601547e-02
7.337683598559802123e-02
7.400446971816282415e-02
7.463747195833579651e-02
7.527588862601010400e-02
7.591976603385784672e-02
7.656915089068960789e-02
7.722409030484303494e-02
7.788463178760013372e-02
7.855082325663376164e-02
7.922271303948398569e-02
7.990034987706361169e-02
8.058378292719425851e-02
8.127306176817228334e-02
8.196823640236526598e-02
8.266935725983949601e-02
8.337647520201829643e-02
8.408964152537147518e-02
8.480890796513676499e-02
8.553432669907280739e-02
8.626595035124406952e-02
8.700383199583863747e-02
8.774802516101828931e-02
8.849858383280141683e-02
8.925556245897957319e-02
9.001901595306723014e-02
9.078899969828514716e-02
9.156556955157837963e-02
9.234878184766812104e-02
9.313869340313828127e-02
9.393536152055741162e-02
9.473884399263544920e-02
9.554919910641605785e-02
9.636648564750520396e-02
9.719076290433553700e-02
9.802209067246714369e-02
9.886052925892567511e-02
9.970613948657695846e-02
1.005589826985392177e-01
1.014191207626333469e-01
1.022866160758706677e-01
1.031615315689796974e-01
1.040439307109711914e-01
1.049338775137422380e-01
1.058314365367201693e-01
1.067366728915457585e-01
1.076496522467964567e-01
1.085704408327504561e-01
1.094991054461911528e-01
1.104357134552525765e-01
1.113803328043068003e-01
1.123330320188927200e-01
1.132938802106868564e-01
1.142629470825173160e-01
1.152403029334200801e-01
1.162260186637384951e-01
1.172201657802669911e-01
1.182228164014381688e-01
1.192340432625543789e-01
1.202539197210644728e-01
1.212825197618851852e-01
1.223199180027681188e-01
1.233661896997129553e-01
1.244214107524267560e-01
1.254856577098296122e-01
1.265590077756082177e-01
1.276415388138161799e-01
1.287333293545223911e-01
1.298344585995082068e-01
1.309450064280127668e-01
1.320650534025275269e-01
1.331946807746407502e-01
1.343339704909318200e-01
1.354830051989154016e-01
1.366418682530375628e-01
1.378106437207221313e-01
1.389894163884693168e-01
1.401782717680065404e-01
1.413772961024913899e-01
1.425865763727682256e-01
1.438062003036779946e-01
1.450362563704219176e-01
1.462768338049798833e-01
1.475280226025834918e-01
1.487899135282447771e-01
1.500625981233403849e-01
1.513461687122522048e-01
1.526407184090652069e-01
1.539463411243217894e-01
1.552631315718345784e-01
1.565911852755573486e-01
1.579305985765142584e-01
1.592814686397890367e-01
1.606438934615735947e-01
1.620179718762768117e-01
1.634038035636944386e-01
1.648014890562399803e-01
1.662111297462379178e-01
1.676328278932787408e-01
1.690666866316372363e-01
1.705128099777543371e-01
1.719713028377824748e-01
1.734422710151959923e-01
1.749258212184665318e-01
1.764220610688037316e-01
1.779310991079625370e-01
1.794530448061172900e-01
1.809880085698027108e-01
1.825361017499233240e-01
1.840974366498312198e-01
1.856721265334727589e-01
1.872602856336050836e-01
1.888620291600830725e-01
1.904774733082168214e-01
1.921067352672009010e-01
1.937499332286155007e-01
1.954071863950006538e-01
1.970786149885032645e-01
1.987643402595984654e-01
2.004644844958857475e-01
2.021791710309596701e-01
2.039085242533569819e-01
2.056526696155804856e-01
2.074117336431991754e-01
2.091858439440271444e-01
2.109751292173806525e-01
2.127797192634141854e-01
2.145997449925366451e-01
2.164353384349079201e-01
2.182866327500169734e-01
2.201537622363412827e-01
2.220368623410895470e-01
2.239360696700273268e-01
2.258515219973868393e-01
2.277833582758614084e-01
2.297317186466858452e-01
2.316967444498023165e-01
2.336785782341137541e-01
2.356773637678249433e-01
2.376932460488715981e-01
2.397263713154390019e-01
2.417768870565709105e-01
2.438449420228684106e-01
2.459306862372809266e-01
2.480342710059894318e-01
2.501558489293824739e-01
2.522955739131264030e-01
2.544536011793300245e-01
2.566300872778050635e-01
2.588251900974225528e-01
2.610390688775667267e-01
2.632718842196867803e-01
2.655237980989469948e-01
2.677949738759773379e-01
2.700855763087240957e-01
2.723957715644017008e-01
2.747257272315469234e-01
2.770756123321767017e-01
2.794455973340491672e-01
2.818358541630298086e-01
2.842465562155637171e-01
2.866778783712544132e-01
2.891299970055495883e-01
2.916030900025364803e-01
2.940973367678459405e-01
2.966129182416669119e-01
2.991500169118724295e-01
3.017088168272581417e-01
3.042895036108933526e-01
3.068922644735868066e-01
3.095172882274677129e-01
3.121647652996825673e-01
3.148348877462092132e-01
3.175278492657895302e-01
3.202438452139805825e-01
3.229830726173262279e-01
3.257457301876505729e-01
3.285320183364724422e-01
3.313421391895443602e-01
3.341762966015149883e-01
3.370346961707176847e-01
3.399175452540849074e-01
3.428250529821907366e-01
3.457574302744219064e-01
3.487148898542781761e-01
3.516976462648041535e-01
3.547059158841532334e-01
3.577399169412835978e-01
3.607998695317897186e-01
3.638859956338687529e-01
3.669985191244233280e-01
3.701376657953021621e-01
3.733036633696800166e-01
3.764967415185772048e-01
3.797171318775205417e-01
3.829650680633470694e-01
3.862407856911514448e-01
3.895445223913775457e-01
3.928765178270578473e-01
3.962370137111983492e-01
3.996262538243138263e-01
4.030444840321122379e-01
4.064919523033303506e-01
4.099689087277224586e-01
4.134756055342023173e-01
4.170122971091409503e-01
4.205792400148203880e-01
4.241766930080453357e-01
4.278049170589144912e-01
4.314641753697520121e-01
4.351547333942007434e-01
4.388768588564793682e-01
4.426308217708038728e-01
4.464168944609748779e-01
4.502353515801333361e-01
4.540864701306840945e-01
4.579705294843911534e-01
4.618878114026437331e-01
4.658386000568958685e-01
4.698231820492818067e-01
4.738418464334062108e-01
4.778948847353133855e-01
4.819825909746355830e-01
4.861052616859214970e-01
4.902631959401486106e-01
4.944566953664178977e-01
4.986860641738353750e-01
5.029516091735802830e-01
5.072536398011620040e-01
5.115924681388674955e-01
5.159684089384006800e-01
5.203817796437154586e-01
5.248329004140440679e-01
5.293220941471226126e-01
5.338496865026144400e-01
5.384160059257352415e-01
5.430213836710787723e-01
5.476661538266475171e-01
5.523506533380886374e-01
5.570752220331360860e-01
5.618402026462636645e-01
5.666459408435476908e-01
5.714927852477426073e-01
5.763810874635711956e-01
5.813112021032310617e-01
5.862834868121191700e-01
5.912983022947766454e-01
5.963560123410551750e-01
6.014569838525078982e-01
6.066015868690048940e-01
6.117901945955773746e-01
6.170231834294912510e-01
6.223009329875517359e-01
6.276238261336419821e-01
6.329922490064975316e-01
6.384065910477175754e-01
6.438672450300164662e-01
6.493746070857163710e-01
6.549290767354842835e-01
6.605310569173142854e-01
6.661809540157576093e-01
6.718791778914033896e-01
6.776261419106112127e-01
6.834222629754976852e-01
6.892679615541795757e-01
6.951636617112766370e-01
7.011097911386737769e-01
7.071067811865474617e-01
7.131550668946570193e-01
7.192550870239037275e-01
7.254072840881602424e-01
7.316121043863713647e-01
7.378699980349299192e-01
7.441814190003301910e-01
7.505468251320993600e-01
7.569666781960113777e-01
7.634414439075853931e-01
7.699715919658692842e-01
7.765575960875139572e-01
7.831999340411375243e-01
7.898990876819843576e-01
7.966555429868802385e-01
8.034697900894867129e-01
8.103423233158565386e-01
8.172736412202942224e-01
8.242642466215217567e-01
8.313146466391555522e-01
8.384253527304937892e-01
8.455968807276191823e-01
8.528297508748191591e-01
8.601244878663258930e-01
8.674816208843791898e-01
8.749016836376148909e-01
8.823852143997817921e-01
8.899327560487896305e-01
8.975448561060911379e-01
9.052220667764008244e-01
9.129649449877536016e-01
9.207740524319059094e-01
9.286499556050826776e-01
9.365932258490728968e-01
9.446044393926757987e-01
9.526841773935029734e-01
9.608330259801368678e-01
9.690515762946502187e-01
9.773404245354899711e-01
9.857001720007263490e-01
9.941314251316736295e-01
1.002634795556882619e+00
1.011210900136510826e+00
1.019860361007070004e+00
1.028583805626559711e+00
1.037381866819983456e+00
1.046255182825255980e+00
1.055204397339503330e+00
1.064230159565759282e+00
1.073333124260058336e+00
1.082513951778936390e+00
1.091773308127332642e+00
1.101111865006905166e+00
1.110530299864757486e+00
1.120029295942582603e+00
1.129609542326227789e+00
1.139271733995683045e+00
1.149016571875495885e+00
1.158844762885620217e+00
1.168757019992697099e+00
1.178754062261776481e+00
1.188836614908479250e+00
1.199005409351607820e+00
1.209261183266204354e+00
1.219604680637064842e+00
1.230036651812709048e+00
1.240557853559814072e+00
1.251169049118111776e+00
1.261871008255756710e+00
1.272664507325167449e+00
1.283550329319345540e+00
1.294529263928676288e+00
1.305602107598215156e+00
1.316769663585463768e+00
1.328032742018641743e+00
1.339392159955455242e+00
1.350848741442368439e+00
1.362403317574382822e+00
1.374056726555327401e+00
1.385809813758664299e+00
1.397663431788814581e+00
1.409618440543009443e+00
1.421675707273668321e+00
1.433836106651313891e+00
1.446100520828021763e+00
1.458469839501415066e+00
1.470944959979206157e+00
1.483526787244289213e+00
1.496216234020390834e+00
1.509014220838282183e+00
1.521921676102556242e+00
1.534939536158977713e+00
1.548068745362408460e+00
1.561310256145312936e+00
1.574665029086851353e+00
1.588134032982563282e+00
1.601718244914645872e+00
1.615418650322835159e+00
1.629236243075892876e+00
1.643172025543704118e+00
1.657227008669992951e+00
1.671402212045658864e+00
1.685698663982741374e+00
1.700117401589015698e+00
1.714659470843229672e+00
1.729325926670980840e+00
1.744117833021243902e+00
1.759036262943553419e+00
1.774082298665845547e+00
1.789257031672966791e+00
1.804561562785852669e+00
1.819997002241385164e+00
1.835564469772932972e+00
1.851265094691579183e+00
1.867100015968046423e+00
1.883070382315320090e+00
1.899177352271979702e+00
1.915422094286243437e+00
1.931805786800730118e+00
1.948329618337946822e+00
1.964994787586509029e+00
1.981802503488096168e+00
1.998753985325151916e+00
2.015850462809335220e+00
2.033093176170726490e+00
2.050483376247798528e+00
2.068022324578155491e+00
2.085711293490048135e+00
2.103551566194674649e+00
2.121544436879264861e+00
2.139691210800969134e+00
2.157993204381541297e+00
2.176451745302837804e+00
2.195068172603133139e+00
2.213843836774255003e+00
2.232780099859554834e+00
2.251878335552714105e+00
2.271139929297396165e+00
2.290566278387749843e+00
2.310158792069775480e+00
2.329918891643552481e+00
2.349848010566348400e+00
2.369947594556603754e+00
2.390219101698809467e+00
2.410664002549281371e+00
2.431283780242837977e+00
2.452079930600391311e+00
2.473053962237460546e+00
2.494207396673607136e+00
2.515541768442815407e+00
2.537058625204809292e+00
2.558759527857323857e+00
2.580646050649339607e+00
2.602719781295283141e+00
2.624982321090201243e+00
2.647435285025929286e+00
2.670080301908241971e+00
2.692919014475015693e+00
2.715953079515397217e+00
2.739184167989989760e+00
2.762613965152072470e+00
2.786244170669850639e+00
2.810076498749759288e+00
2.834112678260812590e+00
2.858354452860021766e+00
2.882803581118889014e+00
2.907461836650974352e+00
2.932331008240563364e+00
2.957412899972426956e+00
2.982709331362699778e+00
3.008222137490868864e+00
3.033953169132897809e+00
3.059904292895490041e+00
3.086077391351492949e+00
3.112474363176469083e+00
3.139097123286432200e+00
3.165947602976758368e+00
3.193027750062288561e+00
3.220339529018632962e+00
3.247884921124673419e+00
3.275665924606296908e+00
3.303684554781348925e+00
3.331942844205835197e+00
3.360442842821364628e+00
3.389186618103860571e+00
3.418176255213543069e+00
3.447413857146190086e+00
3.476901544885695472e+00
3.506641457557935215e+00
3.536635752585939763e+00
3.566886605846405267e+00
3.597396211827537549e+00
3.628166783788243865e+00
3.659200553918691146e+00
3.690499773502238678e+00
3.722066713078747036e+00
3.753903662609294756e+00
3.786012931642297907e+00
3.818396849481050737e+00
3.851057765352700724e+00
3.883998048578667373e+00
3.917220088746524720e+00
3.950726295883343120e+00
3.984519100630522281e+00
4.018600954420119997e+00
4.052974329652682783e+00
4.087641719876600632e+00
4.122605639969003199e+00
4.157868626318186323e+00
4.193433237007618608e+00
4.229302052001507661e+00
4.265477673331959707e+00
4.301962725287737932e+00
4.338759854604636423e+00
4.375871730657486580e+00
4.413301045653794219e+00
4.451050514829044680e+00
4.489122876643676818e+00
4.527520892981732992e+00
4.566247349351218787e+00
4.605305055086172494e+00
4.644696843550457643e+00
4.684425572343310584e+00
4.724494123506635113e+00
4.764905403734075229e+00
4.805662344581874912e+00
4.846767902681546225e+00
4.888225059954344864e+00
4.930036823827592229e+00
4.972206227452847571e+00
5.014736329925931102e+00
5.057630216508850474e+00
5.100890998853607528e+00
5.144521815227933281e+00
5.188525830742943157e+00
5.232906237582740872e+00
5.277666255236000303e+00
5.322809130729503124e+00
5.368338138863697040e+00
5.414256582450256872e+00
5.460567792551681343e+00
5.507275128722934454e+00
5.554381979255166968e+00
5.601891761421500249e+00
5.649807921724938176e+00
5.698133936148376932e+00
5.746873310406772184e+00
5.796029580201446763e+00
5.845606311476582384e+00
5.895607100677911383e+00
5.946035575013604024e+00
5.996895392717398465e+00
6.048190243313990244e+00
6.099923847886667971e+00
6.152099959347258284e+00
6.204722362708378292e+00
6.257794875358000830e+00
6.311321347336386722e+00
6.365305661615379584e+00
6.419751734380081842e+00
6.474663515312950146e+00
6.530044987880322616e+00
6.585900169621380584e+00
6.642233112439600795e+00
6.699047902896689166e+00
6.756348662509036984e+00
6.814139548046702188e+00
6.872424751834955714e+00
6.931208502058411547e+00
6.990495063067742265e+00
7.050288735689031583e+00
7.110593857535775442e+00
7.171414803323536979e+00
7.232755985187302450e+00
7.294621853001560297e+00
7.357016894703096277e+00
7.419945636616566809e+00
7.483412643782854090e+00
7.547422520290227865e+00
7.611979909608339590e+00
7.677089494925064095e+00
7.742755999486250928e+00
7.808984186938350724e+00
7.875778861673977893e+00
7.943144869180456702e+00
8.011087096391303675e+00
8.079610472040759106e+00
8.148719967021328614e+00
8.218420594744369367e+00
8.288717411503803589e+00
8.359615516842907823e+00
8.431120053924233915e+00
8.503236209902734544e+00
8.575969216302043563e+00
8.649324349393975098e+00
8.723306930581300023e+00
8.797922326783773173e+00
8.873175950827445035e+00
8.949073261837352078e+00
9.025619765633527081e+00
9.102821015130396987e+00
9.180682610739626881e+00
9.259210200776385236e+00
9.338409481869069495e+00
9.418286199372589707e+00
9.498846147785140914e+00
9.580095171168530044e+00
9.662039163572160305e+00
9.744684069460587850e+00
9.828035884144727063e+00
9.912100654216812856e+00
9.996884477989008033e+00
1.008239350593579253e+01
1.016863394114015939e+01
1.025561203974358904e+01
1.034333411139988179e+01
1.043180651973289663e+01
1.052103568279818546e+01
1.061102807354855848e+01
1.070179022030368010e+01
1.079332870722362259e+01
1.088565017478653374e+01
1.097876132027033513e+01
1.107266889823855927e+01
1.116737972103036647e+01
1.126290065925472028e+01
1.135923864228879232e+01
1.145640065878066061e+01
1.155439375715628181e+01
1.165322504613078181e+01
1.175290169522418360e+01
1.185343093528147840e+01
1.195482005899716604e+01
1.205707642144431979e+01
1.216020744060812930e+01
1.226422059792399999e+01
1.236912343882032594e+01
1.247492357326582635e+01
1.258162867632159099e+01
1.268924648869788108e+01
1.279778481731564277e+01
1.290725153587283458e+01
1.301765458541564158e+01
1.312900197491452126e+01
1.324130178184519124e+01
1.335456215277461212e+01
1.346879130395196533e+01
1.358399752190465470e+01
1.370018916403947706e+01
1.381737465924885555e+01
1.393556250852233092e+01
1.405476128556323445e+01
1.417497963741062605e+01
1.429622628506662529e+01
1.441851002412902893e+01
1.454183972542935521e+01
1.466622433567640016e+01
1.479167287810524378e+01
1.491819445313178960e+01
1.504579823901299207e+01
1.517449349251264223e+01
1.530428954957287146e+01
1.543519582599143902e+01
1.556722181810477146e+01
1.570037710347683024e+01
1.583467134159393730e+01
1.597011427456548560e+01
1.610671572783063965e+01
1.624448561087114840e+01
1.638343391793016934e+01
1.652357072873729393e+01
1.666490620923976351e+01
1.680745061233995585e+01
1.695121427863910668e+01
1.709620763718751846e+01
1.724244120624107168e+01
1.738992559402423765e+01
1.753867149949968862e+01
1.768868971314438099e+01
1.783999111773233892e+01
1.799258668912414194e+01
1.814648749706314135e+01
1.830170470597846233e+01
1.845824957579496584e+01
1.861613346275000325e+01
1.877536782021729778e+01
1.893596419953778565e+01
1.909793425085754848e+01
1.926128972397300387e+01
1.942604246918325117e+01
1.959220443814970380e+01
1.975978768476314329e+01
1.992880436601811311e+01
2.009926674289481952e+01
2.027118718124861019e+01
2.044457815270702028e+01
2.061945223557445672e+01
2.079582211574474471e+01
2.097370058762135514e+01
2.115310055504552622e+01
2.133403503223240349e+01
2.151651714471510246e+01
2.170056013029685005e+01
2.188617734001134352e+01
2.207338223909125219e+01
2.226218840794498988e+01
2.245260954314195345e+01
2.264465945840606409e+01
2.283835208561783503e+01
2.303370147582510086e+01
2.323072180026227329e+01
2.342942735137835442e+01
2.362983254387381749e+01
2.383195191574620608e+01
2.403580012934484245e+01
2.424139197243444244e+01
2.444874235926784678e+01
2.465786633166798936e+01
2.486877906011905992e+01
2.508149584486697137e+01
2.529603211702937315e+01
2.551240343971500479e+01
2.573062550915269142e+01
2.595071415583004182e+01
2.617268534564180982e+01
2.639655518104807896e+01
2.662233990224245161e+01
2.685005588833012169e+01
2.707971965851603358e+01
2.731134787330330127e+01
2.754495733570178828e+01
2.778056499244699395e+01
2.801818793522951268e+01
2.825784340193486699e+01
2.849954877789395624e+01
2.874332159714433388e+01
2.898917954370211802e+01
2.923714045284482665e+01
2.948722231240526881e+01
2.973944326407639238e+01
2.999382160472730519e+01
3.025037578773067537e+01
3.050912442430132288e+01
3.077008628484633235e+01
3.103328030032676210e+01
3.129872556363093850e+01
3.156644133095944582e+01
3.183644702322214926e+01
3.210876222744692399e+01
3.238340669820065187e+01
3.266040035902224048e+01
3.293976330386789186e+01
3.322151579856887338e+01
3.350567828230160927e+01
3.379227136907034179e+01
3.408131584920266022e+01
3.437283269085762072e+01
3.466684304154679808e+01
3.496336822966848246e+01
3.526242976605486490e+01
3.556404934553246022e+01
3.586824884849598050e+01
3.617505034249558094e+01
3.648447608383765584e+01
3.679654851919946168e+01
3.711129028725744661e+01
3.742872422032942836e+01
3.774887334603108968e+01
3.807176088894635058e+01
3.839741027231215043e+01
3.872584511971771093e+01
3.905708925681822308e+01
3.939116671306318551e+01
3.972810172343967849e+01
4.006791873023036743e+01
4.041064238478659121e+01
4.075629754931676274e+01
4.110490929868981169e+01
4.145650292225430178e+01
4.181110392567294554e+01
4.216873803277283628e+01
4.252943118741158912e+01
4.289320955535937685e+01
4.326009952619700982e+01
4.363012771523040101e+01
4.400332096542129534e+01
4.437970634933446945e+01
4.475931117110177837e+01
4.514216296840280052e+01
4.552828951446247885e+01
4.591771882006595717e+01
4.631047913559054763e+01
4.670659895305499987e+01
4.710610700818654095e+01
4.750903228250538746e+01
4.791540400542707090e+01
4.832525165638300280e+01
4.873860496695887434e+01
4.915549392305145915e+01
4.957594876704398956e+01
