# k_h
1.028193946694955230e-05
1.135338789026718587e-05
1.253648861165856943e-05
1.384287588734878227e-05
1.528539905848447233e-05
1.687824078544508666e-05
1.863706893345806748e-05
2.057917845377232879e-05
2.272367055411450565e-05
2.509163095965050161e-05
2.770635001070331782e-05
3.059354276047088206e-05
3.378159817657433450e-05
3.730187017936259508e-05
4.118898141314275563e-05
4.548115248326212168e-05
5.022059849579818547e-05
5.545392923522740602e-05
6.123260391177609563e-05
6.761345866834744811e-05
7.465924863936379552e-05
8.243924821726977825e-05
9.102997864829376340e-05
1.005159283522516489e-04
1.109903678297996521e-04
1.225563319167122245e-04
1.353275292785838246e-04
1.494295865995809436e-04
1.650011690799146891e-04
1.821954065235331655e-04
2.011814212892204523e-04
2.221458998974412680e-04
2.452950284350663424e-04
2.708564279600977898e-04
2.990815264638513327e-04
3.302478580735623837e-04
3.646619443316012621e-04
4.026622045785188675e-04
4.446223319973796606e-04
4.909550189040601254e-04
5.421158857643604279e-04
5.986080504953861237e-04
6.609871052205562592e-04
7.298665004782378674e-04
8.059235406108200550e-04
8.899062522687017918e-04
9.826405439525842667e-04
1.085038413293659687e-03
1.198106911033391953e-03
1.322957803495228291e-03
1.460819039493799210e-03
1.613046275451779366e-03
1.781136728823184967e-03
1.966743264347314835e-03
2.171691507101058960e-03
2.397996373474597931e-03
2.647884190082550049e-03
2.923811785876750946e-03
3.228492802008986473e-03
3.564923768863081932e-03
3.936413209885358810e-03
4.346614237874746323e-03
4.799561109393835068e-03
5.299708340317010880e-03
5.851973779499530792e-03
6.461789831519126892e-03
7.135152351111173630e-03
7.878683507442474365e-03
8.699696511030197144e-03
9.606264531612396240e-03
1.060730218887329102e-02
1.171265542507171631e-02
1.293319463729858398e-02
1.428092177957296371e-02
1.576909050345420837e-02
1.741233840584754944e-02
1.922682300209999084e-02
2.123038843274116516e-02
2.344273962080478668e-02
2.588563226163387299e-02
2.858309261500835419e-02
3.156164661049842834e-02
3.485058620572090149e-02
3.848225250840187073e-02
4.249236732721328735e-02
4.674160480499267578e-02
5.099084228277206421e-02
5.524007976055145264e-02
5.948931351304054260e-02
6.373855471611022949e-02
6.798779219388961792e-02
7.223702967166900635e-02
7.648625969886779785e-02
8.073549717664718628e-02
8.498473465442657471e-02
8.923397213220596313e-02
9.559721499681472778e-02
1.019604578614234924e-01
1.083237007260322571e-01
1.146869361400604248e-01
1.210501790046691895e-01
1.274134218692779541e-01
1.337766647338867188e-01
1.401399075984954834e-01
1.465031504631042480e-01
1.528663933277130127e-01
1.592296361923217773e-01
1.655928641557693481e-01
1.719561070203781128e-01
1.783193498849868774e-01
1.846825927495956421e-01
1.910458356142044067e-01
1.974090784788131714e-01
2.037723213434219360e-01
2.101355642080307007e-01
2.164988070726394653e-01
2.228620350360870361e-01
2.292252779006958008e-01
2.355885207653045654e-01
2.419517636299133301e-01
2.483150064945220947e-01
2.546782493591308594e-01
2.610414922237396240e-01
2.674047350883483887e-01
2.737679779529571533e-01
2.801312208175659180e-01
2.864944636821746826e-01
2.928577065467834473e-01
2.992209494113922119e-01
3.055841922760009766e-01
3.119474351406097412e-01
3.183106482028961182e-01
3.246738910675048828e-01
3.310371339321136475e-01
3.374003767967224121e-01
3.437636196613311768e-01
3.501268625259399414e-01
3.564901053905487061e-01
3.628533482551574707e-01
3.692165911197662354e-01
3.755798339843750000e-01
3.819430768489837646e-01
3.883063197135925293e-01
3.946695625782012939e-01
4.010328054428100586e-01
4.073960483074188232e-01
4.137592911720275879e-01
4.201225340366363525e-01
4.264857769012451172e-01
4.328490197658538818e-01
4.392122328281402588e-01
4.455754756927490234e-01
4.519387185573577881e-01
4.583019614219665527e-01
4.646652042865753174e-01
4.710284471511840820e-01
4.773916900157928467e-01
4.837549328804016113e-01
4.901181757450103760e-01
4.964814186096191406e-01
5.028446316719055176e-01
5.092079043388366699e-01
5.155711174011230469e-01
5.219343900680541992e-01
5.282976031303405762e-01
5.346608757972717285e-01
6.167014837265014648e-01
8.606762290000915527e-01
1.201170444488525391e+00
1.676368474960327148e+00
2.339560508728027344e+00
3.265119791030883789e+00
4.556841850280761719e+00
6.359585285186767578e+00
8.875515937805175781e+00
1.238678073883056641e+01
1.728714370727539062e+01
2.412615394592285156e+01
3.367076110839843750e+01
4.699132919311523438e+01
6.558168792724609375e+01
9.152661132812500000e+01
