2.624947006013212203e+01
2.651262264218858178e+01
2.677577522424504508e+01
2.703892780630150838e+01
2.730208038835797169e+01
2.756523297041443143e+01
2.782838555247089474e+01
2.809153813452736159e+01
2.835469071658382134e+01
2.861784329864028109e+01
2.888099588069674439e+01
2.914414846275321125e+01
2.940730104480967100e+01
2.967045362686613075e+01
2.993360620892259405e+01
3.019675879097905380e+01
3.045991137303552065e+01
3.072306395509198396e+01
3.098621653714844371e+01
3.124936911920490346e+01
3.151252170126137031e+01
3.177567428331783361e+01
3.203882686537429691e+01
3.230197944743075311e+01
3.256513202948721641e+01
3.282828461154367972e+01
3.309143719360014302e+01
3.335458977565660632e+01
3.361774235771306962e+01
3.388089493976953293e+01
3.414404752182599623e+01
3.440720010388245242e+01
3.467035268593891573e+01
3.493350526799537903e+01
3.519665785005184233e+01
3.545981043210830563e+01
3.572296301416476894e+01
3.598611559622123224e+01
3.624926817827769554e+01
3.651242076033415174e+01
3.677557334239061504e+01
3.703872592444707834e+01
3.730187850650354164e+01
3.756503108855999784e+01
3.782818367061646825e+01
3.809133625267293155e+01
3.835448883472939485e+01
3.861764141678585105e+01
3.888079399884231435e+01
3.914394658089877765e+01
