2.583657973980185929e+01
2.609401926398789229e+01
2.635134969134898952e+01
2.660856945310959887e+01
2.686567661987549727e+01
2.712267015901054279e+01
2.737954847911384348e+01
2.763631125880798223e+01
2.789295783685621899e+01
2.814948895227795234e+01
2.840590574527034562e+01
2.866221080054065595e+01
2.891840829738686480e+01
2.917450417221986925e+01
2.943050746845580790e+01
2.968642995632989212e+01
2.994228827528213799e+01
3.019810357121981426e+01
3.045390390211353804e+01
3.070972398061613973e+01
3.096560742070441563e+01
3.122160593765701364e+01
3.147778006271925122e+01
3.173419747606498831e+01
3.199092989885739158e+01
3.224804908776038559e+01
3.250562113895848881e+01
3.276370016683048192e+01
3.302232271819541154e+01
3.328150417810464035e+01
3.354123808241938320e+01
3.380149747463501342e+01
3.406224023297934167e+01
3.432341358674431575e+01
3.458496072962699941e+01
3.484682467040869369e+01
3.510895186012442792e+01
3.537129437996415504e+01
3.563381076257151392e+01
3.589646603317910234e+01
3.615923131461531881e+01
3.642208315325420642e+01
3.668500273971643111e+01
3.694797513544141765e+01
3.721098856490112894e+01
3.747403379951004609e+01
3.773710363899790110e+01
3.800019248493677537e+01
3.826329599592065733e+01
3.852641081220144059e+01
