1.000000000000000056e-01
1.020202020202020249e-01
1.040404040404040442e-01
1.060606060606060635e-01
1.080808080808080829e-01
1.101010101010101022e-01
1.121212121212121215e-01
1.141414141414141548e-01
1.161616161616161602e-01
1.181818181818181934e-01
1.202020202020201989e-01
1.222222222222222321e-01
1.242424242424242514e-01
1.262626262626262708e-01
1.282828282828282762e-01
1.303030303030303094e-01
1.323232323232323426e-01
1.343434343434343481e-01
1.363636363636363535e-01
1.383838383838383868e-01
1.404040404040404200e-01
1.424242424242424254e-01
1.444444444444444586e-01
1.464646464646464641e-01
1.484848484848484973e-01
1.505050505050505028e-01
1.525252525252525360e-01
1.545454545454545414e-01
1.565656565656565746e-01
1.585858585858586078e-01
1.606060606060606133e-01
1.626262626262626187e-01
1.646464646464646520e-01
1.666666666666666852e-01
1.686868686868686906e-01
1.707070707070706961e-01
1.727272727272727293e-01
1.747474747474747625e-01
1.767676767676767680e-01
1.787878787878787734e-01
1.808080808080808066e-01
1.828282828282828398e-01
1.848484848484848730e-01
1.868686868686868785e-01
1.888888888888888840e-01
1.909090909090909172e-01
1.929292929292929504e-01
1.949494949494949558e-01
1.969696969696969613e-01
1.989898989898989945e-01
2.010101010101010277e-01
2.030303030303030332e-01
2.050505050505050386e-01
2.070707070707070718e-01
2.090909090909091050e-01
2.111111111111111105e-01
2.131313131313131437e-01
2.151515151515151492e-01
2.171717171717171824e-01
2.191919191919192156e-01
2.212121212121212210e-01
2.232323232323232265e-01
2.252525252525252597e-01
2.272727272727272652e-01
2.292929292929292984e-01
2.313131313131313316e-01
2.333333333333333370e-01
2.353535353535353702e-01
2.373737373737373757e-01
2.393939393939394089e-01
2.414141414141414144e-01
2.434343434343434476e-01
2.454545454545454530e-01
2.474747474747474862e-01
2.494949494949494917e-01
2.515151515151515249e-01
2.535353535353535026e-01
2.555555555555555358e-01
2.575757575757575690e-01
2.595959595959596022e-01
2.616161616161616355e-01
2.636363636363636687e-01
2.656565656565657019e-01
2.676767676767676796e-01
2.696969696969697128e-01
2.717171717171716905e-01
2.737373737373737237e-01
2.757575757575757569e-01
2.777777777777777901e-01
2.797979797979798233e-01
2.818181818181818565e-01
2.838383838383838342e-01
2.858585858585858674e-01
2.878787878787878451e-01
2.898989898989898784e-01
2.919191919191919116e-01
2.939393939393939448e-01
2.959595959595959780e-01
2.979797979797980112e-01
3.000000000000000444e-01
