4.221138682211004328e-02
6.651454685550707568e-02
1.051644128869170108e-01
1.653756474430204682e-01
2.606982516292492558e-01
4.120297473814690803e-01
6.504554301294184215e-01
1.025638145490672892e+00
1.618572993990331721e+00
2.553791124753706399e+00
4.027311135116661944e+00
6.349919629863539861e+00
1.000980414113012351e+01
1.578478599994694598e+01
2.487216971807909971e+01
4.259385345548068191e-02
6.694835265170444305e-02
1.052339837597004030e-01
1.655646972836234687e-01
2.613135296321217882e-01
4.118700609458054163e-01
6.508142140568393685e-01
1.026493438892761567e+00
1.618573828365265754e+00
2.552632690984202757e+00
4.027643892166443251e+00
6.350075397012501455e+00
1.000816179265366479e+01
1.577831463787962996e+01
2.487362143474979703e+01
4.266413357264777634e-02
6.674994504586641286e-02
1.045701651220661138e-01
1.643168256115133952e-01
2.602716609843259143e-01
4.116235729684963318e-01
6.498738622977806578e-01
1.025558068832918002e+00
1.618139094968566338e+00
2.554983918282269784e+00
4.024717215543430981e+00
6.346175190578876801e+00
1.000703437510729898e+01
1.577546931220630277e+01
2.485922129829681992e+01
4.285772246940888069e-02
6.749152407093632344e-02
1.054908923665399817e-01
1.653891558708700249e-01
2.585082632921948398e-01
4.107533549570038800e-01
6.505331987652178682e-01
1.023867366496296727e+00
1.617203253199321011e+00
2.552073621120628744e+00
4.024450007070643487e+00
6.349852902169083713e+00
1.000344394841597051e+01
1.577181966567990479e+01
2.486057205277027649e+01
