6.933510326891422437e+01 3.950464128571483258e+01 2.096941380034105507e+01 1.214382284584327998e+01 7.606763564508448816e+00 6.577953264288623814e+00 4.152793136676106833e+00 2.447729565461918444e+00 1.782165343487101650e+00 1.161126911916495308e+00 8.498850435378642043e-01 5.162800677808456751e-01 3.507522652870267987e-01 2.594653492291835728e-01 2.428458066292304429e-01
1.814708393652618668e+02 5.007931224735877151e+01 3.320313384824701330e+01 2.260129119384217233e+01 1.497473793527452202e+01 8.186083622671358029e+00 5.688810369527647737e+00 3.721709141798748899e+00 2.592996391531190881e+00 1.618212346136731705e+00 9.692919714478963611e-01 6.320876072683654368e-01 4.913550110023243156e-01 4.123248509111028803e-01 2.467075416309438274e-01
2.711554098766391689e+02 1.531579055341875346e+02 7.161095844830511226e+01 3.806109349448139056e+01 2.633792793314622216e+01 1.414483674987755890e+01 1.205329408433978777e+01 6.858052972302187911e+00 4.913648811716305964e+00 2.557655521342421245e+00 1.722346158098776225e+00 1.256783643876437928e+00 9.353122455011951830e-01 6.834798627346999611e-01 4.562371506119619613e-01
1.280210118556296720e+03 1.023974111678922014e+02 7.903457888363247719e+01 5.597246868107838225e+01 3.449574687215972091e+01 1.906512667992203092e+01 1.385801360061313581e+01 7.793705390980799841e+00 5.361075138927143158e+00 3.503127133893840117e+00 2.349276104338371862e+00 1.570658095553446376e+00 1.130013447486825084e+00 7.371461416141762424e-01 5.435203995535625721e-01
1.025464240361799000e+02 4.825654938479157607e+01 2.998857495517323812e+01 1.960556555247725896e+01 1.267157894329347023e+01 7.954142151264877114e+00 5.055310947007162881e+00 2.971492796013672333e+00 1.924210217861441530e+00 1.251868530973720750e+00 9.417654714734112753e-01 4.704747107026169828e-01 3.539131040085159996e-01 2.731953898405939385e-01 2.001796956297700880e-01
2.097677847018539978e+02 9.347178650744753270e+01 5.881049775334459184e+01 3.349248702843787839e+01 1.844733852918715655e+01 1.345633471361382583e+01 8.429379951274722060e+00 4.415354128948807855e+00 2.884053590440707193e+00 1.794882239804318047e+00 1.310357871848554234e+00 8.176940264093724986e-01 5.573296150925859394e-01 4.081149434978416091e-01 3.167150420100388608e-01
1.324222890862981785e+02 1.385215655256576497e+02 1.017865762192296728e+02 7.587708491847044456e+01 3.348851122110057332e+01 2.282034073936555529e+01 1.320356513241050322e+01 8.969815201207010702e+00 5.758734526067049941e+00 3.887937359657918979e+00 2.297068274893935058e+00 1.855903613401759689e+00 1.185380225974515644e+00 8.413705005030079898e-01 4.926922948818392989e-01
1.054936309610302715e+03 3.989295568800415595e+02 2.032812024485974973e+02 5.779803815813727397e+01 4.189155107895977181e+01 2.700302344762121010e+01 1.772810011910770456e+01 1.104810066898925847e+01 6.453465648747053862e+00 4.584264485283163992e+00 2.697280555821396142e+00 1.607010604880177107e+00 1.401983407842702922e+00 8.104203030940692054e-01 5.982998335944673673e-01
1.879945257638924545e+02 1.087629414819467257e+02 4.390059892359224847e+01 2.534301139198256436e+01 1.896259793700592411e+01 1.479920938102686456e+01 8.574068917006872681e+00 4.614672437527110205e+00 3.212772460111342543e+00 2.238746579654340429e+00 1.379287800957275101e+00 8.064229501021102919e-01 5.320374418641996561e-01 4.037246112343876314e-01 3.085579324958866443e-01
1.333727562058656986e+02 1.676093509753694093e+02 6.304205553466471201e+01 4.991659444923888600e+01 2.578777246610050966e+01 1.831118688157156527e+01 1.287085280274038368e+01 7.022190761120910452e+00 4.667077899651554951e+00 2.916382352668471345e+00 1.863858165983423021e+00 1.050990845949716146e+00 8.499225441736912856e-01 6.076407789069759868e-01 4.940845787880676632e-01
6.406301949460655451e+06 2.764607372702942030e+02 1.080701532064833117e+02 7.633333803632422132e+01 5.635450542690455222e+01 3.437177086912840451e+01 2.611575110315253667e+01 1.366008418599998642e+01 8.507191559009335435e+00 6.199239899272004806e+00 3.358791141332928998e+00 2.052853662280037295e+00 1.558829452928661929e+00 1.014683590570740535e+00 8.011587356760893064e-01
9.611161720912804594e+04 2.282796453882861442e+03 5.811569535288494990e+02 2.884545746094910896e+02 7.999698919624508164e+01 5.370849807309165413e+01 4.403654723443701613e+01 2.110450922984101041e+01 1.537805700221266569e+01 8.516022811803548365e+00 5.482466151172823210e+00 3.239347918088195666e+00 2.330528664481496648e+00 1.417180046628895296e+00 1.164766508022645031e+00
