1.281402529324855699e+01
6.015144685232459665e+01
1.120554326352947072e+02
1.134770211887388029e+02
7.815807169961571788e+01
6.372948153813690908e+01
4.960337725898311589e+01
3.577796420524340704e+01
2.058663619217433194e+01
8.131993358473900813e+00
4.898055529268003916e+00
2.724836861943945809e+00
2.088065455509686696e+00
1.212509408679263156e+00
1.354271461414857436e+00
6.812110785631732313e+01
7.712764860973749137e+01
7.781750264067704848e+01
1.213926062789424378e+02
1.077305840561981682e+02
8.237587122021358255e+01
5.863878958431448041e+01
4.562161086261477294e+01
3.585725400863780976e+01
1.747305058811696199e+01
7.972225031408558316e+00
4.685631329439292614e+00
3.335074981458824528e+00
2.139627214967920299e+00
1.137866528655469445e+00
1.877916271891373015e+02
1.782006307974739059e+02
1.450144511057343379e+02
1.307063429020431897e+02
1.244160413899763427e+02
1.115820237519299525e+02
6.068193522411154817e+01
4.759696569575478975e+01
4.381878838020722355e+01
2.424736698348690922e+01
1.126934085127876628e+01
5.699260331939802526e+00
3.532716022953329649e+00
2.791178711591640660e+00
1.111973023006855854e+00
-3.298352313890553091e+02
2.291550226990714521e+02
2.667296506076014566e+02
2.298754873805745547e+02
1.882117921850680773e+02
1.137015697298667902e+02
1.194003028483787432e+02
8.030924716388277318e+01
6.037212592612797835e+01
3.691302970526308513e+01
2.259464247387082025e+01
1.051567282077213505e+01
5.205368454788018795e+00
3.159180295101308378e+00
1.614586635611776844e+00
