5.835309736883276855e+03 3.680105648682593511e+01 3.881209755098868186e+01 3.148180005006248550e+01 1.802002189965839207e+01 9.996895653821278316e+00 6.242657299776363189e+00 2.660025804032520202e+00 8.893036876183494366e-01 3.930883920430000567e-01 3.254617430343329509e-01 -1.211796277291877916e-01 -8.395190433212603234e-03 8.992650983904653533e-03 -6.271041033948268617e-02
3.680105648682593511e+01 1.632275653160345882e+03 2.781340755397696185e+01 2.373595489286725169e+01 1.620254577290671349e+01 9.231551224676932677e+00 4.943692923606667122e+00 1.970583914729484576e+00 7.645372471869760211e-01 3.783617368687551830e-01 2.309926698488209140e-01 8.498213623954983809e-02 1.010004910434970406e-02 -3.839461795119473303e-02 2.306232457113167877e-02
3.881209755098868186e+01 2.781340755397696185e+01 6.970265048645311481e+02 2.249988932864929225e+01 1.422084136764509132e+01 8.291366656406744085e+00 4.637652931100181952e+00 2.194163289738451983e+00 1.203223138337313980e+00 4.366781120975185004e-01 6.304037046167014491e-02 3.695870570542685030e-02 6.150708737302303108e-02 2.476973730916226177e-02 1.686984043006288861e-02
3.148180005006248550e+01 2.373595489286725169e+01 2.249988932864929225e+01 3.059309395093359853e+02 1.206693310853234991e+01 7.478490949210884864e+00 4.052528211913626777e+00 1.946362364594212524e+00 9.206856418411869525e-01 3.795732978172394745e-01 1.133485621874726484e-01 3.481153886459267127e-02 2.708537879097212137e-02 4.069818262303698080e-03 -7.379882373075187865e-03
1.802002189965839207e+01 1.620254577290671349e+01 1.422084136764509132e+01 1.206693310853234991e+01 1.255882190825699212e+02 5.586796991310015947e+00 2.746908488729900899e+00 1.564025407180682725e+00 7.027390104365638379e-01 3.617294214635732308e-01 1.345345897475477837e-01 5.334868598798655354e-02 1.796001151182581232e-02 2.793336311041170247e-03 8.219507411193538449e-03
9.996895653821278316e+00 9.231551224676932677e+00 8.291366656406744085e+00 7.478490949210884864e+00 5.586796991310015947e+00 5.513609455414130878e+01 1.965014385994243939e+00 9.675088861923661909e-01 5.295062950286467673e-01 2.119270361547024029e-01 1.069944053976271958e-01 3.770572873998163932e-02 1.449827431033772276e-02 6.483696671905759060e-03 1.520601004124347896e-03
6.242657299776363189e+00 4.943692923606667122e+00 4.637652931100181952e+00 4.052528211913626777e+00 2.746908488729900899e+00 1.965014385994243939e+00 2.236789949744882122e+01 7.827296215246533073e-01 2.789566222426314024e-01 1.125183567601414358e-01 5.837365518942753267e-02 1.535895975173810248e-02 1.180041263700213304e-02 5.028368765223963262e-04 3.582218684621347321e-03
2.660025804032520202e+00 1.970583914729484576e+00 2.194163289738451983e+00 1.946362364594212524e+00 1.564025407180682725e+00 9.675088861923661909e-01 7.827296215246533073e-01 9.492743221763079831e+00 2.158106516452837909e-01 7.994447660348950879e-02 2.783252458516106281e-02 1.126747928600305669e-02 -2.364393806334714066e-03 3.750584634851148163e-03 9.150074318329413838e-04
8.893036876183494366e-01 7.645372471869760211e-01 1.203223138337313980e+00 9.206856418411869525e-01 7.027390104365638379e-01 5.295062950286467673e-01 2.789566222426314024e-01 2.158106516452837909e-01 3.861558308170345732e+00 9.772635825416181587e-02 3.706151285181437383e-02 9.705718224471387989e-03 5.042944228856237505e-03 2.087821881389007473e-03 2.197351264147199071e-03
3.930883920430000567e-01 3.783617368687551830e-01 4.366781120975185004e-01 3.795732978172394745e-01 3.617294214635732308e-01 2.119270361547024029e-01 1.125183567601414358e-01 7.994447660348950879e-02 9.772635825416181587e-02 1.608668707879867599e+00 3.991727336365137602e-02 1.072795192092082690e-02 1.834748950390238708e-03 1.434687131348725761e-03 6.834252252424723346e-04
3.254617430343329509e-01 2.309926698488209140e-01 6.304037046167014491e-02 1.133485621874726484e-01 1.345345897475477837e-01 1.069944053976271958e-01 5.837365518942753267e-02 2.783252458516106281e-02 3.706151285181437383e-02 3.991727336365137602e-02 6.721437176725990614e-01 1.825122575856336429e-02 5.709749828236631262e-03 1.093248534217884345e-03 7.635866662905469501e-04
-1.211796277291877916e-01 8.498213623954983809e-02 3.695870570542685030e-02 3.481153886459267127e-02 5.334868598798655354e-02 3.770572873998163932e-02 1.535895975173810248e-02 1.126747928600305669e-02 9.705718224471387989e-03 1.072795192092082690e-02 1.825122575856336429e-02 2.911308952104212922e-01 1.311991585600921773e-02 3.552662901254010058e-03 6.968037377089890188e-04
-8.395190433212603234e-03 1.010004910434970406e-02 6.150708737302303108e-02 2.708537879097212137e-02 1.796001151182581232e-02 1.449827431033772276e-02 1.180041263700213304e-02 -2.364393806334714066e-03 5.042944228856237505e-03 1.834748950390238708e-03 5.709749828236631262e-03 1.311991585600921773e-02 1.302947181995356418e-01 9.146706205587057034e-03 2.665318206822983940e-03
8.992650983904653533e-03 -3.839461795119473303e-02 2.476973730916226177e-02 4.069818262303698080e-03 2.793336311041170247e-03 6.483696671905759060e-03 5.028368765223963262e-04 3.750584634851148163e-03 2.087821881389007473e-03 1.434687131348725761e-03 1.093248534217884345e-03 3.552662901254010058e-03 9.146706205587057034e-03 6.205191973283676055e-02 7.443712304335559256e-03
-6.271041033948268617e-02 2.306232457113167877e-02 1.686984043006288861e-02 -7.379882373075187865e-03 8.219507411193538449e-03 1.520601004124347896e-03 3.582218684621347321e-03 9.150074318329413838e-04 2.197351264147199071e-03 6.834252252424723346e-04 7.635866662905469501e-04 6.968037377089890188e-04 2.665318206822983940e-03 7.443712304335559256e-03 3.307277893708455985e-02
