9.599388972190396089e+03 1.771546258422202413e+01 1.491209836382533815e+01 1.024964420761057404e+01 4.771150212573449956e+00 -4.298679291361991339e+00 2.356257007971864770e+00 1.662251234060657223e+00 1.530117959145414375e+00 -8.322644122992823856e-01 -8.675640649406013427e-02 8.963470499032960559e-02 1.612256763864459638e-02 -2.906398533733951101e-02 -1.825987830457186795e-02
1.771546258422202413e+01 3.213782577546234279e+03 1.487964344300045028e+01 1.551613811516635977e+01 8.632931994910459039e+00 6.377374419479261647e+00 3.103439096882674608e+00 1.062360189126050070e-01 -5.170667516009636033e-02 8.305066185698584125e-01 3.344515486747056676e-01 2.395805729012907836e-02 6.363061598467699420e-02 -6.511851824854325566e-02 -4.480218170244319731e-02
1.491209836382533815e+01 1.487964344300045028e+01 1.512544986446988787e+03 1.291442319403109273e+01 6.975400066927829101e+00 2.290508460791387702e+00 2.501777446086400403e+00 5.448275397485219385e-01 9.147905665211580883e-01 5.724838560592686587e-01 1.078220763506300278e-01 2.267525225398649147e-02 -6.528474429818557911e-02 1.671542064031236730e-02 2.756053743057583494e-02
1.024964420761057404e+01 1.551613811516635977e+01 1.291442319403109273e+01 6.222819365649519341e+02 4.351190559779333000e+00 3.002261937800856817e+00 1.060912862382875854e+00 2.241257434820719818e-01 7.024867729118983162e-01 1.472686454372095291e-02 3.329347028329000813e-02 -7.383889298802789186e-03 4.516717322368390269e-02 1.843846904317970881e-02 -2.755010061778237051e-03
4.771150212573449956e+00 8.632931994910459039e+00 6.975400066927829101e+00 4.351190559779333000e+00 2.351965925843088030e+02 1.646826703490280153e+00 1.061752176565873063e+00 7.968377692523850309e-01 3.684640026225336623e-02 7.843728652930626044e-02 7.315575418841980572e-03 -9.934061334066145513e-03 -1.646871654559683290e-02 2.443224381584830837e-02 2.299241774295030048e-03
-4.298679291361991339e+00 6.377374419479261647e+00 2.290508460791387702e+00 3.002261937800856817e+00 1.646826703490280153e+00 1.016998693285976003e+02 6.767537214908473375e-01 4.938942389217643170e-01 3.245984226403839101e-02 1.834431898322512744e-01 1.949060613910280626e-02 1.309521518708813351e-02 7.214135824898417794e-03 1.294709877160317435e-02 6.276230423437629408e-03
2.356257007971864770e+00 3.103439096882674608e+00 2.501777446086400403e+00 1.060912862382875854e+00 1.061752176565873063e+00 6.767537214908473375e-01 4.130326219530801524e+01 1.585899936484599926e-01 3.298038140057285572e-02 2.928598882972646006e-02 2.948964789263853678e-02 1.937500644603646141e-02 5.148515190946524427e-03 5.496671064748605631e-03 6.788215370966172932e-03
1.662251234060657223e+00 1.062360189126050070e-01 5.448275397485219385e-01 2.241257434820719818e-01 7.968377692523850309e-01 4.938942389217643170e-01 1.585899936484599926e-01 1.655285775581076990e+01 1.318639984429193224e-01 3.101607346785707764e-02 2.999529035938553259e-02 1.080824110627087720e-02 2.767447285856987089e-03 -3.623314292385170204e-03 1.656593293866156927e-03
1.530117959145414375e+00 -5.170667516009636033e-02 9.147905665211580883e-01 7.024867729118983162e-01 3.684640026225336623e-02 3.245984226403839101e-02 3.298038140057285572e-02 1.318639984429193224e-01 6.963540574554403229e+00 4.108597859451572354e-02 1.067304890471096161e-02 -3.801617035028242650e-03 -2.038090481591334734e-04 1.650605216359791929e-03 1.208179892345553983e-03
-8.322644122992823856e-01 8.305066185698584125e-01 5.724838560592686587e-01 1.472686454372095291e-02 7.843728652930626044e-02 1.834431898322512744e-01 2.928598882972646006e-02 3.101607346785707764e-02 4.108597859451572354e-02 2.802985278787664569e+00 2.576700162428841034e-02 9.795742221668938057e-03 -1.158766215262189243e-03 2.846777230942911050e-03 -6.301164192941402162e-04
-8.675640649406013427e-02 3.344515486747056676e-01 1.078220763506300278e-01 3.329347028329000813e-02 7.315575418841980572e-03 1.949060613910280626e-02 2.948964789263853678e-02 2.999529035938553259e-02 1.067304890471096161e-02 2.576700162428841034e-02 1.136882989807909361e+00 9.608290285677353534e-03 7.552229138708169663e-04 2.309850481839291134e-03 1.904488076544408207e-04
8.963470499032960559e-02 2.395805729012907836e-02 2.267525225398649147e-02 -7.383889298802789186e-03 -9.934061334066145513e-03 1.309521518708813351e-02 1.937500644603646141e-02 1.080824110627087720e-02 -3.801617035028242650e-03 9.795742221668938057e-03 9.608290285677353534e-03 4.789595815595011352e-01 6.558379595545582065e-03 1.619545748406513641e-03 9.506322609376552466e-04
1.612256763864459638e-02 6.363061598467699420e-02 -6.528474429818557911e-02 4.516717322368390269e-02 -1.646871654559683290e-02 7.214135824898417794e-03 5.148515190946524427e-03 2.767447285856987089e-03 -2.038090481591334734e-04 -1.158766215262189243e-03 7.552229138708169663e-04 6.558379595545582065e-03 2.030789833105758335e-01 6.007477379421128846e-03 1.927036212845528122e-03
-2.906398533733951101e-02 -6.511851824854325566e-02 1.671542064031236730e-02 1.843846904317970881e-02 2.443224381584830837e-02 1.294709877160317435e-02 5.496671064748605631e-03 -3.623314292385170204e-03 1.650605216359791929e-03 2.846777230942911050e-03 2.309850481839291134e-03 1.619545748406513641e-03 6.007477379421128846e-03 8.907120126112298697e-02 5.453612000703056580e-03
-1.825987830457186795e-02 -4.480218170244319731e-02 2.756053743057583494e-02 -2.755010061778237051e-03 2.299241774295030048e-03 6.276230423437629408e-03 6.788215370966172932e-03 1.656593293866156927e-03 1.208179892345553983e-03 -6.301164192941402162e-04 1.904488076544408207e-04 9.506322609376552466e-04 1.927036212845528122e-03 5.453612000703056580e-03 4.237857106955136843e-02
