4.251794062936807313e+04 4.160424404758193759e+02 3.274235948297988443e+02 3.011621452838348318e+02 1.781699344677324461e+02 1.438322776707588275e+02 6.515366868880667539e+01 3.327976805983844599e+01 2.033247441025391922e+01 5.326744269868609605e-01 2.880397323279649591e+00 8.008443954015614930e-01 1.004437286264098006e+00 -1.077514113251781258e-01 -6.149345328388255982e-01
4.160424404758193759e+02 2.367487695783614981e+04 2.511041356786574568e+02 2.485507210723403659e+02 2.363475717838369974e+02 1.162830952177879595e+02 7.224327428747270119e+01 4.549869561399455620e+01 1.395869376353458513e+01 8.994255074603827893e+00 2.110065530714971160e+00 9.130956598196467988e-01 4.336769316955498277e-01 7.035687928782499712e-02 3.170025004335711438e-01
3.274235948297988443e+02 2.511041356786574568e+02 9.309539625345096283e+03 2.130387121184453747e+02 1.711173114573448402e+02 1.064242061815709377e+02 6.863787443409943023e+01 3.357727248203609349e+01 1.922202078491696042e+01 7.080942675728489455e+00 3.320479828262221655e+00 1.208798041908519583e+00 5.141925985307634894e-01 1.879633854255068626e-01 1.031139993409251332e-01
3.011621452838348318e+02 2.485507210723403659e+02 2.130387121184453747e+02 4.483978483698276250e+03 1.514511439037830769e+02 9.348085376146327974e+01 5.639564217200297236e+01 2.810853054211835911e+01 1.510181341286671675e+01 6.358302218098901726e+00 3.376371183831698986e+00 1.086171838098749065e+00 2.152635328663211056e-01 3.415561740816891456e-01 3.383091515028398000e-01
1.781699344677324461e+02 2.363475717838369974e+02 1.711173114573448402e+02 1.514511439037830769e+02 1.525811290533074271e+03 8.161035045267800569e+01 4.746780749047609760e+01 2.618996901710068315e+01 1.297644602517293855e+01 4.761389201463880561e+00 3.126385983535440616e+00 7.619929344750473454e-01 2.546093743541317234e-01 3.362684195470201920e-01 1.319249134079076846e-01
1.438322776707588275e+02 1.162830952177879595e+02 1.064242061815709377e+02 9.348085376146327974e+01 8.161035045267800569e+01 7.018149219017869882e+02 3.339041917432080453e+01 1.984961512306623987e+01 9.757592842231426644e+00 4.582563043085015941e+00 1.922687926890751298e+00 8.462318698111953585e-01 3.612662593655893151e-01 1.093872062767086567e-01 8.868008248787768999e-02
6.515366868880667539e+01 7.224327428747270119e+01 6.863787443409943023e+01 5.639564217200297236e+01 4.746780749047609760e+01 3.339041917432080453e+01 2.450852669722023904e+02 1.295285809248502495e+01 6.309958518428513408e+00 3.204819358168726318e+00 1.257155245319461212e+00 4.713933227420220584e-01 1.062584063382723543e-01 1.329684978007666107e-01 -1.232027188516274588e-02
3.327976805983844599e+01 4.549869561399455620e+01 3.357727248203609349e+01 2.810853054211835911e+01 2.618996901710068315e+01 1.984961512306623987e+01 1.295285809248502495e+01 1.054253627383269389e+02 3.972650142129010575e+00 1.897160685739912367e+00 9.509990207982728094e-01 3.122390446311594236e-01 9.218529256163872365e-02 1.100698985968622534e-01 4.745950231837279404e-02
2.033247441025391922e+01 1.395869376353458513e+01 1.922202078491696042e+01 1.510181341286671675e+01 1.297644602517293855e+01 9.757592842231426644e+00 6.309958518428513408e+00 3.972650142129010575e+00 4.080970793348176784e+01 1.080988048119607026e+00 5.458794179532461266e-01 1.896932745737687775e-01 5.354078587946017181e-02 2.705386620223627567e-02 2.627057579813585342e-02
5.326744269868609605e-01 8.994255074603827893e+00 7.080942675728489455e+00 6.358302218098901726e+00 4.761389201463880561e+00 4.582563043085015941e+00 3.204819358168726318e+00 1.897160685739912367e+00 1.080988048119607026e+00 1.690062676928435792e+01 4.233643264913348747e-01 1.506650001095699853e-01 4.599753368987118812e-02 3.699248495743275023e-02 1.717375163636330679e-02
2.880397323279649591e+00 2.110065530714971160e+00 3.320479828262221655e+00 3.376371183831698986e+00 3.126385983535440616e+00 1.922687926890751298e+00 1.257155245319461212e+00 9.509990207982728094e-01 5.458794179532461266e-01 4.233643264913348747e-01 6.862159728008887072e+00 1.547424927132614036e-01 4.717224119664523152e-02 1.712123919380598158e-02 8.334206427775050011e-03
8.008443954015614930e-01 9.130956598196467988e-01 1.208798041908519583e+00 1.086171838098749065e+00 7.619929344750473454e-01 8.462318698111953585e-01 4.713933227420220584e-01 3.122390446311594236e-01 1.896932745737687775e-01 1.506650001095699853e-01 1.547424927132614036e-01 2.857246736686068100e+00 8.366470177461848845e-02 1.601657092898274570e-02 9.202553371895513118e-03
1.004437286264098006e+00 4.336769316955498277e-01 5.141925985307634894e-01 2.152635328663211056e-01 2.546093743541317234e-01 3.612662593655893151e-01 1.062584063382723543e-01 9.218529256163872365e-02 5.354078587946017181e-02 4.599753368987118812e-02 4.717224119664523152e-02 8.366470177461848845e-02 1.241941420736205393e+00 5.478628079219058367e-02 1.573389709620013135e-02
-1.077514113251781258e-01 7.035687928782499712e-02 1.879633854255068626e-01 3.415561740816891456e-01 3.362684195470201920e-01 1.093872062767086567e-01 1.329684978007666107e-01 1.100698985968622534e-01 2.705386620223627567e-02 3.699248495743275023e-02 1.712123919380598158e-02 1.601657092898274570e-02 5.478628079219058367e-02 5.542188528373234169e-01 3.573443764118209437e-02
-6.149345328388255982e-01 3.170025004335711438e-01 1.031139993409251332e-01 3.383091515028398000e-01 1.319249134079076846e-01 8.868008248787768999e-02 -1.232027188516274588e-02 4.745950231837279404e-02 2.627057579813585342e-02 1.717375163636330679e-02 8.334206427775050011e-03 9.202553371895513118e-03 1.573389709620013135e-02 3.573443764118209437e-02 2.645417959079553460e-01
