-6.907755278982137
-6.864581808488499
-6.8214083379948605
-6.778234867501222
-6.735061397007583
-6.691887926513945
-6.648714456020308
-6.605540985526669
-6.5623675150330305
-6.519194044539391
-6.476020574045753
-6.432847103552114
-6.389673633058477
-6.346500162564839
-6.3033266920712
-6.2601532215775615
-6.216979751083922
-6.173806280590285
-6.130632810096646
-6.087459339603008
-6.04428586910937
-6.001112398615731
-5.957938928122093
-5.914765457628454
-5.871591987134816
-5.871591987134816
-5.828418516641178
-5.785245046147539
-5.742071575653902
-5.6988981051602625
-5.655724634666624
-5.612551164172986
-5.569377693679347
-5.52620422318571
-5.483030752692072
-5.439857282198433
-5.396683811704794
-5.353510341211157
-5.310336870717518
-5.26716340022388
-5.223989929730241
-5.180816459236603
-5.137642988742965
-5.094469518249326
-5.051296047755688
-5.008122577262049
-4.964949106768411
-4.921775636274773
-4.8786021657811345
-4.835428695287496
-4.835428695287496
-4.792255224793858
-4.749081754300219
-4.705908283806582
-4.662734813312943
-4.6195613428193045
-4.5763878723256655
-4.533214401832027
-4.490040931338389
-4.446867460844751
-4.403693990351113
-4.360520519857474
-4.3173470493638355
-4.274173578870197
-4.231000108376559
-4.187826637882921
-4.144653167389282
-4.101479696895644
-4.058306226402006
-4.015132755908367
-3.971959285414729
-3.92878581492109
-3.885612344427452
-3.842438873933814
-3.799265403440175
-3.799265403440175
-3.756091932946537
-3.7129184624528984
-3.66974499195926
-3.626571521465622
-3.5833980509719834
-3.5402245804783448
-3.4970511099847066
-3.4538776394910684
-3.4107041689974302
-3.3675306985037916
-3.324357228010153
-3.281183757516515
-3.2380102870228766
-3.1948368165292385
-3.1516633460356
-3.108489875541961
-3.065316405048323
-3.022142934554685
-2.9789694640610462
-2.935795993567408
-2.8926225230737694
-2.8494490525801313
-2.806275582086493
-2.763102111592855
-2.763102111592855
-2.7199286410992163
-2.6767551706055777
-2.63358170011194
-2.5904082296183013
-2.547234759124663
-2.5040612886310245
-2.460887818137386
-2.417714347643748
-2.3745408771501095
-2.331367406656471
-2.2881939361628327
-2.2450204656691946
-2.201846995175556
-2.1586735246819178
-2.115500054188279
-2.072326583694641
-2.029153113201003
-1.9859796427073644
-1.942806172213726
-1.8996327017200876
-1.8564592312264492
-1.8132857607328108
-1.7701122902391726
-1.7269388197455342
-1.7269388197455342
-1.6837653492518958
-1.6405918787582576
-1.5974184082646192
-1.5542449377709806
-1.5110714672773424
-1.467897996783704
-1.4247245262900656
-1.3815510557964275
-1.3383775853027888
-1.2952041148091507
-1.2520306443155123
-1.2088571738218739
-1.1656837033282355
-1.122510232834597
-1.0793367623409587
-1.0361632918473203
-0.992989821353682
-0.9498163508600436
-0.9066428803664053
-0.8634694098727669
-0.8202959393791284
-0.7771224688854901
-0.7339489983918517
-0.6907755278982134
-0.6907755278982134
-0.6476020574045751
-0.6044285869109368
-0.5612551164172985
-0.51808164592366
-0.47490817543002184
-0.4317347049363834
-0.3885612344427451
-0.34538776394910686
-0.30221429345546846
-0.25904082296183006
-0.21586735246819172
-0.17269388197455351
-0.12952041148091514
-0.08634694098727684
-0.04317347049363846
-1.1102230246251565e-16
0.0431734704936381
0.08634694098727647
0.12952041148091484
0.1726938819745531
0.2158673524681916
0.2590408229618299
0.30221429345546813
0.3453877639491066
0.3453877639491066
0.38856123444274493
0.43173470493638333
0.4749081754300217
0.5180816459236601
0.5612551164172985
0.6044285869109369
0.647602057404575
0.6907755278982135
0.7339489983918519
0.7771224688854902
0.8202959393791286
0.8634694098727671
0.9066428803664054
0.9498163508600438
0.9929898213536823
1.0361632918473205
1.0793367623409589
1.1225102328345975
1.1656837033282355
1.208857173821874
1.2520306443155125
1.2952041148091507
1.338377585302789
1.3815510557964277
1.3815510557964277
1.424724526290066
1.4678979967837043
1.5110714672773424
1.554244937770981
1.5974184082646192
1.6405918787582576
1.6837653492518958
1.7269388197455344
1.7701122902391726
1.813285760732811
1.8564592312264492
1.8996327017200876
1.942806172213726
1.9859796427073642
2.0291531132010023
2.072326583694641
2.1155000541882796
2.1586735246819173
2.201846995175556
2.245020465669194
2.2881939361628327
2.3313674066564705
2.374540877150109
2.4177143476437477
2.4177143476437477
2.460887818137386
2.5040612886310245
2.5472347591246622
2.590408229618301
2.6335817001119395
2.6767551706055777
2.7199286410992163
2.763102111592855
2.806275582086493
2.8494490525801313
2.8926225230737694
2.935795993567408
2.9789694640610467
3.022142934554685
3.065316405048323
3.108489875541961
3.1516633460356
3.1948368165292385
3.2380102870228766
3.281183757516515
3.324357228010154
3.3675306985037916
3.4107041689974302
3.4538776394910684
3.4538776394910684
3.497051109984707
3.540224580478345
3.5833980509719834
3.626571521465622
3.66974499195926
3.712918462452899
3.756091932946537
3.7992654034401756
3.8424388739338142
3.885612344427452
3.9287858149210906
3.971959285414729
4.015132755908367
4.058306226402006
4.101479696895644
4.144653167389282
4.187826637882921
4.231000108376559
4.274173578870197
4.3173470493638355
4.360520519857475
4.403693990351113
4.446867460844751
4.490040931338389
4.490040931338389
4.533214401832028
4.576387872325666
4.6195613428193045
4.662734813312944
4.705908283806581
4.749081754300219
4.792255224793858
4.835428695287496
4.878602165781135
4.9217756362747735
4.964949106768412
5.00812257726205
5.051296047755688
5.094469518249327
5.137642988742964
5.1808164592366035
5.223989929730242
5.267163400223881
5.310336870717519
5.353510341211156
5.396683811704795
5.4398572821984335
5.4830307526920725
5.526204223185711
5.526204223185711
5.569377693679348
5.612551164172987
5.655724634666625
5.698898105160264
5.7420715756539025
5.785245046147541
5.828418516641179
5.871591987134817
5.914765457628456
5.957938928122094
6.001112398615733
6.044285869109371
6.087459339603009
6.130632810096648
6.173806280590286
6.216979751083925
6.260153221577562
6.303326692071201
6.34650016256484
6.389673633058478
6.432847103552117
6.476020574045754
6.519194044539393
6.562367515033031
6.562367515033031
6.60554098552667
6.648714456020309
6.691887926513946
6.735061397007584
6.778234867501223
6.821408337994861
6.8645818084884995
6.907755278982138
6.950928749475776
6.994102219969414
7.037275690463053
7.080449160956691
7.123622631450329
7.166796101943968
7.209969572437606
7.253143042931244
7.296316513424882
7.33948998391852
7.3826634544121585
7.425836924905798
7.469010395399436
7.512183865893073
7.555357336386712
7.59853080688035
7.59853080688035
7.6417042773739885
7.684877747867628
7.728051218361265
7.771224688854904
7.814398159348542
7.85757162984218
7.900745100335819
7.943918570829457
7.987092041323096
8.030265511816733
8.073438982310373
8.116612452804011
8.15978592329765
8.202959393791287
8.246132864284926
8.289306334778564
8.332479805272202
8.375653275765842
8.41882674625948
8.462000216753118
8.505173687246756
8.548347157740395
8.591520628234033
8.634694098727671
8.634694098727671
8.67786756922131
8.721041039714947
8.764214510208586
8.807387980702226
8.850561451195864
8.893734921689502
8.93690839218314
8.980081862676778
9.023255333170416
9.066428803664055
9.109602274157695
9.152775744651331
9.195949215144969
9.239122685638609
9.282296156132247
9.325469626625885
9.368643097119522
9.411816567613162
9.4549900381068
9.498163508600438
9.541336979094076
9.584510449587716
9.627683920081354
9.670857390574993
9.670857390574993
9.71403086106863
9.757204331562269
9.800377802055909
9.843551272549545
9.886724743043183
9.929898213536822
9.97307168403046
10.0162451545241
10.059418625017738
10.102592095511376
10.145765566005014
10.188939036498654
10.232112506992292
10.275285977485929
10.318459447979567
10.361632918473205
10.404806388966845
10.447979859460483
10.491153329954122
10.53432680044776
10.577500270941398
10.620673741435038
10.663847211928676
10.707020682422312
10.707020682422312
10.75019415291595
10.793367623409589
10.836541093903229
10.879714564396867
10.922888034890505
10.966061505384143
11.009234975877781
11.05240844637142
11.095581916865056
11.138755387358696
11.181928857852334
11.225102328345972
11.26827579883961
11.311449269333249
11.354622739826889
11.397796210320527
11.440969680814165
11.484143151307803
11.52731662180144
11.570490092295078
11.613663562788716
11.656837033282356
11.700010503775994
11.743183974269632
11.743183974269632
11.78635744476327
11.829530915256909
11.872704385750549
11.915877856244187
11.959051326737823
12.002224797231463
12.045398267725101
12.08857173821874
12.131745208712378
12.174918679206016
12.218092149699656
12.261265620193294
12.304439090686932
12.347612561180572
12.39078603167421
12.433959502167847
12.477132972661485
12.520306443155123
12.563479913648763
12.606653384142401
12.64982685463604
12.69300032512968
12.736173795623317
12.779347266116956
12.779347266116956
12.822520736610594
12.865694207104232
12.908867677597872
12.952041148091508
12.995214618585146
13.038388089078785
13.081561559572423
13.124735030066061
13.1679085005597
13.21108197105334
13.254255441546977
13.297428912040616
13.340602382534252
13.38377585302789
13.42694932352153
13.470122794015168
13.513296264508806
13.556469735002445
13.599643205496083
13.642816675989721
13.685990146483357
13.729163616976999
13.772337087470635
13.815510557964274