-4.605170185988091
-4.5763878723256655
-4.547605558663241
-4.518823245000815
-4.490040931338389
-4.461258617675964
-4.432476304013538
-4.403693990351113
-4.374911676688686
-4.346129363026261
-4.3173470493638355
-4.28856473570141
-4.259782422038985
-4.231000108376559
-4.202217794714134
-4.173435481051708
-4.144653167389282
-4.1158708537268565
-4.087088540064431
-4.058306226402006
-4.02952391273958
-4.000741599077154
-3.9719592854147283
-3.943176971752303
-3.9143946580898774
-3.9143946580898774
-3.885612344427452
-3.8568300307650265
-3.8280477171026006
-3.799265403440175
-3.7704830897777497
-3.7417007761153243
-3.7129184624528984
-3.684136148790473
-3.6553538351280475
-3.626571521465622
-3.597789207803196
-3.56900689414077
-3.5402245804783448
-3.5114422668159193
-3.482659953153494
-3.4538776394910684
-3.4250953258286425
-3.396313012166217
-3.3675306985037916
-3.338748384841366
-3.3099660711789407
-3.281183757516515
-3.2524014438540894
-3.223619130191664
-3.223619130191664
-3.1948368165292385
-3.166054502866813
-3.1372721892043867
-3.108489875541961
-3.0797075618795358
-3.0509252482171103
-3.022142934554685
-2.9933606208922594
-2.964578307229834
-2.935795993567408
-2.9070136799049826
-2.878231366242557
-2.8494490525801317
-2.8206667389177063
-2.79188442525528
-2.763102111592855
-2.7343197979304295
-2.7055374842680036
-2.676755170605578
-2.6479728569431527
-2.619190543280727
-2.5904082296183013
-2.561625915955876
-2.5328436022934504
-2.5328436022934504
-2.504061288631025
-2.4752789749685995
-2.4464966613061736
-2.417714347643748
-2.3889320339813227
-2.3601497203188972
-2.331367406656472
-2.3025850929940455
-2.27380277933162
-2.2450204656691946
-2.216238152006769
-2.1874558383443437
-2.1586735246819178
-2.1298912110194923
-2.101108897357067
-2.072326583694641
-2.043544270032216
-2.01476195636979
-1.9859796427073644
-1.9571973290449391
-1.9284150153825133
-1.8996327017200876
-1.8708503880576621
-1.8420680743952367
-1.8420680743952367
-1.8132857607328112
-1.7845034470703856
-1.7557211334079599
-1.7269388197455342
-1.6981565060831088
-1.6693741924206833
-1.6405918787582576
-1.6118095650958322
-1.5830272514334063
-1.554244937770981
-1.5254626241085552
-1.4966803104461297
-1.467897996783704
-1.4391156831212786
-1.4103333694588531
-1.3815510557964275
-1.352768742134002
-1.3239864284715763
-1.2952041148091507
-1.2664218011467252
-1.2376394874842993
-1.2088571738218739
-1.1800748601594484
-1.1512925464970227
-1.1512925464970227
-1.1225102328345973
-1.0937279191721718
-1.0649456055097462
-1.0361632918473205
-1.007380978184895
-0.9785986645224695
-0.9498163508600441
-0.9210340371976184
-0.8922517235351929
-0.8634694098727674
-0.8346870962103419
-0.8059047825479162
-0.7771224688854907
-0.7483401552230651
-0.7195578415606395
-0.6907755278982141
-0.6619932142357885
-0.6332109005733628
-0.6044285869109374
-0.5756462732485118
-0.5468639595860862
-0.5180816459236608
-0.4892993322612352
-0.4605170185988095
-0.4605170185988095
-0.4317347049363839
-0.40295239127395827
-0.37417007761153276
-0.34538776394910714
-0.3166054502866815
-0.28782313662425596
-0.25904082296183034
-0.23025850929940472
-0.20147619563697913
-0.17269388197455351
-0.14391156831212787
-0.11512925464970238
-0.08634694098727672
-0.05756462732485113
-0.0287823136624255
0.0
0.02878231366242563
0.057564627324851354
0.08634694098727688
0.1151292546497024
0.14391156831212812
0.17269388197455365
0.20147619563697924
0.2302585092994048
0.2302585092994048
0.2590408229618304
0.28782313662425585
0.31660545028668147
0.3453877639491071
0.37417007761153254
0.40295239127395815
0.43173470493638366
0.4605170185988092
0.4892993322612348
0.5180816459236603
0.5468639595860858
0.5756462732485114
0.604428586910937
0.6332109005733625
0.661993214235788
0.6907755278982136
0.7195578415606392
0.7483401552230646
0.7771224688854904
0.8059047825479159
0.8346870962103414
0.8634694098727669
0.8922517235351926
0.9210340371976181
0.9210340371976181
0.9498163508600437
0.9785986645224691
1.0073809781848948
1.0361632918473203
1.0649456055097457
1.0937279191721714
1.1225102328345968
1.1512925464970225
1.1800748601594482
1.2088571738218736
1.2376394874842993
1.2664218011467248
1.2952041148091502
1.3239864284715757
1.3527687421340013
1.381551055796427
1.4103333694588527
1.4391156831212781
1.4678979967837036
1.496680310446129
1.5254626241085547
1.5542449377709802
1.583027251433406
1.6118095650958315
1.6118095650958315
1.640591878758257
1.6693741924206826
1.6981565060831083
1.7269388197455338
1.7557211334079592
1.7845034470703849
1.8132857607328108
1.8420680743952362
1.8708503880576615
1.8996327017200874
1.928415015382513
1.9571973290449385
1.985979642707364
2.0147619563697896
2.0435442700322155
2.072326583694641
2.1011088973570664
2.129891211019492
2.1586735246819178
2.187455838344343
2.2162381520067687
2.2450204656691946
2.2738027793316204
2.302585092994046
2.302585092994046
2.331367406656471
2.360149720318897
2.3889320339813227
2.417714347643748
2.4464966613061736
2.475278974968599
2.5040612886310245
2.53284360229345
2.5616259159558754
2.5904082296183013
2.6191905432807268
2.647972856943152
2.6767551706055777
2.705537484268003
2.7343197979304295
2.763102111592855
2.7918844252552804
2.820666738917706
2.8494490525801313
2.8782313662425567
2.907013679904982
2.935795993567408
2.9645783072298335
2.993360620892259
2.993360620892259
3.0221429345546844
3.05092524821711
3.0797075618795358
3.108489875541961
3.1372721892043867
3.166054502866812
3.1948368165292376
3.2236191301916635
3.2524014438540885
3.281183757516515
3.3099660711789403
3.3387483848413657
3.367530698503791
3.3963130121662166
3.4250953258286425
3.453877639491068
3.4826599531534934
3.511442266815919
3.5402245804783443
3.5690068941407698
3.597789207803195
3.626571521465621
3.655353835128047
3.6841361487904725
3.6841361487904725
3.712918462452898
3.7417007761153234
3.7704830897777493
3.7992654034401747
3.8280477171026
3.856830030765026
3.8856123444274515
3.914394658089877
3.9431769717523024
3.971959285414728
4.000741599077154
4.029523912739579
4.058306226402005
4.087088540064431
4.1158708537268565
4.144653167389282
4.173435481051707
4.202217794714133
4.231000108376558
4.259782422038984
4.288564735701409
4.3173470493638355
4.346129363026261
4.374911676688686
4.374911676688686
4.403693990351112
4.432476304013537
4.461258617675964
4.490040931338389
4.518823245000815
4.547605558663241
4.576387872325666
4.605170185988092
4.633952499650517
4.662734813312942
4.691517126975368
4.720299440637794
4.749081754300219
4.777864067962645
4.80664638162507
4.835428695287496
4.864211008949922
4.892993322612347
4.9217756362747735
4.950557949937199
4.9793402635996244
5.00812257726205
5.0369048909244745
5.065687204586901
5.065687204586901
5.094469518249327
5.123251831911752
5.152034145574178
5.180816459236603
5.209598772899029
5.238381086561454
5.26716340022388
5.295945713886305
5.324728027548731
5.353510341211156
5.382292654873582
5.411074968536007
5.4398572821984335
5.468639595860858
5.497421909523284
5.52620422318571
5.554986536848135
5.583768850510561
5.612551164172986
5.6413334778354125
5.670115791497837
5.698898105160263
5.727680418822688
5.756462732485114
5.756462732485114
5.785245046147541
5.814027359809965
5.8428096734723916
5.871591987134816
5.900374300797242
5.929156614459668
5.957938928122093
5.986721241784519
6.015503555446944
6.04428586910937
6.073068182771795
6.101850496434221
6.130632810096647
6.1594151237590715
6.188197437421498
6.216979751083922
6.245762064746349
6.274544378408773
6.3033266920712
6.332109005733625
6.360891319396051
6.389673633058477
6.4184559467209015
6.447238260383328
6.447238260383328
6.476020574045753
6.504802887708179
6.533585201370604
6.56236751503303
6.591149828695455
6.619932142357881
6.648714456020306
6.677496769682732
6.706279083345157
6.735061397007583
6.763843710670008
6.792626024332434
6.8214083379948605
6.850190651657285
6.878972965319711
6.907755278982136
6.936537592644562
6.965319906306987
6.994102219969413
7.022884533631839
7.051666847294264
7.0804491609566895
7.109231474619115
7.13801378828154
7.13801378828154
7.166796101943967
7.195578415606392
7.224360729268818
7.253143042931243
7.281925356593669
7.310707670256095
7.3394899839185195
7.368272297580946
7.39705461124337
7.425836924905797
7.454619238568221
7.483401552230648
7.512183865893073
7.5409661795554985
7.569748493217924
7.598530806880349
7.627313120542776
7.6560954342052
7.684877747867626
7.713660061530052
7.742442375192478
7.771224688854903
7.8000070025173285
7.828789316179754
7.828789316179754
7.85757162984218
7.886353943504605
7.915136257167031
7.943918570829457
7.972700884491882
8.001483198154308
8.030265511816733
8.059047825479158
8.087830139141586
8.116612452804011
8.145394766466437
8.174177080128862
8.202959393791287
8.231741707453713
8.260524021116138
8.289306334778564
8.31808864844099
8.346870962103415
8.375653275765842
8.404435589428267
8.433217903090693
8.462000216753118
8.490782530415544
8.51956484407797
8.51956484407797
8.548347157740395
8.57712947140282
8.605911785065246
8.634694098727671
8.663476412390096
8.692258726052524
8.721041039714947
8.749823353377375
8.778605667039798
8.807387980702226
8.836170294364651
8.864952608027076
8.893734921689502
8.922517235351927
8.951299549014353
8.980081862676778
9.008864176339204
9.03764649000163
9.066428803664055
9.09521111732648
9.123993430988905
9.152775744651331
9.181558058313756
9.210340371976184