-4.605170185988091
-4.577483792084355
-4.549797398180619
-4.5221110042768835
-4.494424610373147
-4.466738216469412
-4.439051822565675
-4.411365428661939
-4.383679034758203
-4.355992640854468
-4.328306246950731
-4.300619853046995
-4.2729334591432595
-4.245247065239523
-4.217560671335788
-4.189874277432051
-4.162187883528315
-4.134501489624579
-4.106815095720843
-4.0791287018171065
-4.051442307913371
-4.023755914009635
-3.9960695201058987
-3.9683831262021627
-3.9406967322984268
-3.913010338394691
-3.8853239444909553
-3.8576375505872185
-3.829951156683483
-3.8022647627797466
-3.774578368876011
-3.746891974972275
-3.7192055810685387
-3.6915191871648028
-3.663832793261067
-3.636146399357331
-3.608460005453595
-3.5807736115498585
-3.5530872176461226
-3.5254008237423866
-3.4977144298386507
-3.4700280359349143
-3.4423416420311783
-3.414655248127443
-3.3869688542237064
-3.359282460319971
-3.331596066416234
-3.3039096725124986
-3.276223278608762
-3.2485368847050267
-3.2208504908012903
-3.1931640968975543
-3.1654777029938184
-3.1377913090900824
-3.1101049151863465
-3.0824185212826105
-3.054732127378874
-3.027045733475138
-2.999359339571402
-2.9716729456676663
-2.9439865517639303
-2.916300157860194
-2.8886137639564584
-2.860927370052722
-2.8332409761489865
-2.8055545822452497
-2.777868188341514
-2.7501817944377778
-2.7224954005340423
-2.694809006630306
-2.66712261272657
-2.639436218822834
-2.611749824919098
-2.584063431015362
-2.5563770371116257
-2.5286906432078897
-2.5010042493041538
-2.473317855400418
-2.445631461496682
-2.4179450675929464
-2.3902586736892095
-2.362572279785474
-2.3348858858817376
-2.307199491978002
-2.279513098074266
-2.2518267041705298
-2.224140310266794
-2.196453916363058
-2.1687675224593215
-2.1410811285555855
-2.1133947346518496
-2.0857083407481136
-2.0580219468443777
-2.0303355529406413
-2.0026491590369053
-1.9749627651331694
-1.9472763712294334
-1.9195899773256972
-1.8919035834219613
-1.8642171895182253
-1.8365307956144892
-1.8088444017107537
-1.7811580078070175
-1.7534716139032815
-1.7257852199995454
-1.6980988260958094
-1.6704124321920735
-1.6427260382883373
-1.6150396443846011
-1.5873532504808652
-1.5596668565771292
-1.531980462673393
-1.504294068769657
-1.476607674865921
-1.448921280962185
-1.421234887058449
-1.3935484931547129
-1.365862099250977
-1.3381757053472407
-1.3104893114435052
-1.282802917539769
-1.255116523636033
-1.227430129732297
-1.1997437358285612
-1.172057341924825
-1.1443709480210889
-1.116684554117353
-1.0889981602136167
-1.0613117663098808
-1.0336253724061448
-1.0059389785024087
-0.9782525845986726
-0.9505661906949365
-0.9228797967912006
-0.8951934028874645
-0.8675070089837285
-0.8398206150799925
-0.8121342211762564
-0.7844478272725209
-0.7567614333687849
-0.7290750394650487
-0.7013886455613128
-0.6737022516575767
-0.6460158577538406
-0.6183294638501047
-0.5906430699463685
-0.5629566760426324
-0.5352702821388964
-0.5075838882351604
-0.4798974943314243
-0.4522111004276882
-0.4245247065239523
-0.3968383126202162
-0.3691519187164802
-0.3414655248127441
-0.313779130909008
-0.2860927370052725
-0.25840634310153643
-0.2307199491978004
-0.20303355529406428
-0.17534716139032835
-0.14766076748659226
-0.11997437358285618
-0.0922879796791202
-0.06460158577538411
-0.036915191871648094
-0.009228797967912058
0.018457595935823943
0.04614398983955958
0.07383038374329622
0.10151677764703157
0.1292031715507683
0.15688956545450383
0.18457595935824023
0.2122623532619758
0.2399487471657124
0.26763514106944797
0.29532153497318453
0.32300792887692004
0.35069432278065665
0.37838071668439216
0.4060671105881288
0.43375350449186423
0.4614398983955998
0.48912629229933635
0.516812686203072
0.5444990801068085
0.572185474010544
0.5998718679142806
0.627558261818016
0.6552446557217526
0.6829310496254881
0.7106174435292246
0.7383038374329601
0.7659902313366969
0.7936766252404323
0.8213630191441689
0.8490494130479045
0.876735806951641
0.9044222008553765
0.932108594759113
0.9597949886628486
0.9874813825665842
1.0151677764703206
1.0428541703740561
1.0705405642777928
1.0982269581815283
1.1259133520852649
1.1535997459890004
1.181286139892737
1.2089725337964725
1.2366589277002091
1.2643453216039446
1.2920317155076813
1.3197181094114168
1.3474045033151534
1.3750908972188889
1.4027772911226253
1.4304636850263608
1.4581500789300976
1.485836472833833
1.5135228667375684
1.5412092606413053
1.5688956545450405
1.5965820484487772
1.6242684423525129
1.6519548362562493
1.6796412301599848
1.7073276240637214
1.735014017967457
1.7627004118711935
1.790386805774929
1.8180731996786657
1.8457595935824012
1.8734459874861378
1.9011323813898733
1.92881877529361
1.9565051691973454
1.984191563101081
2.0118779570048173
2.039564350908553
2.0672507448122897
2.094937138716025
2.1226235326197616
2.150309926523497
2.177996320427234
2.2056827143309694
2.233369108234706
2.2610555021384413
2.288741896042178
2.316428289945913
2.34411468384965
2.3718010777533856
2.399487471657122
2.427173865560858
2.4548602594645943
2.48254665336833
2.5102330472720653
2.5379194411758017
2.565605835079537
2.593292228983274
2.6209786228870096
2.648665016790746
2.6763514106944815
2.7040378045982183
2.731724198501954
2.75941059240569
2.7870969863094257
2.814783380213162
2.842469774116898
2.8701561680206344
2.89784256192437
2.925528955828107
2.953215349731842
2.9809017436355787
3.008588137539314
3.0362745314430497
3.063960925346786
3.0916473192505216
3.1193337131542584
3.147020107057994
3.1747065009617303
3.202392894865466
3.2300792887692027
3.257765682672938
3.2854520765766746
3.31313847048041
3.3408248643841465
3.3685112582878824
3.396197652191619
3.4238840460953543
3.4515704399990907
3.4792568339028263
3.506943227806562
3.5346296217102986
3.562316015614034
3.5900024095177705
3.6176888034215064
3.645375197325243
3.6730615912289784
3.7007479851327147
3.7284343790364503
3.756120772940187
3.7838071668439226
3.811493560747659
3.8391799546513945
3.866866348555131
3.894552742458867
3.9222391363626032
3.9499255302663387
3.977611924170075
4.005298318073811
4.032984711977546
4.0606711058812825
4.088357499785018
4.116043893688755
4.143730287592491
4.171416681496227
4.199103075399963
4.226789469303699
4.254475863207435
4.282162257111171
4.3098486510149066
4.337535044918643
4.3652214388223785
4.392907832726116
4.420594226629851
4.448280620533588
4.475967014437323
4.5036534083410595
4.531339802244795
4.5590261961485306
4.586712590052268
4.614398983956004
4.64208537785974
4.669771771763475
4.697458165667211
4.725144559570948
4.7528309534746835
4.780517347378419
4.8082037412821546
4.835890135185893
4.863576529089628
4.891262922993363
4.918949316897099
4.9466357108008365
4.974322104704572
5.0020084986083075
5.029694892512043
5.0573812864157786
5.085067680319516
5.112754074223251
5.140440468126988
5.168126862030722
5.1958132559344605
5.223499649838196
5.2511860437419315
5.278872437645667
5.306558831549404
5.33424522545314
5.361931619356875
5.389618013260611
5.417304407164349
5.4449908010680845
5.47267719497182
5.5003635888755555
5.528049982779291
5.555736376683028
5.583422770586764
5.611109164490499
5.638795558394235
5.666481952297973
5.6941683462017085
5.721854740105444
5.7495411340091795
5.777227527912917
5.804913921816652
5.832600315720388
5.860286709624123
5.8879731035278615
5.915659497431596
5.943345891335332
5.971032285239068
5.998718679142805
6.026405073046541
6.054091466950276
6.081777860854012
6.109464254757747
6.137150648661485
6.16483704256522
6.192523436468956
6.220209830372691
6.247896224276429
6.275582618180165
6.3032690120839
6.330955405987636
6.358641799891373
6.386328193795109
6.414014587698844
6.44170098160258
6.469387375506318
6.497073769410053
6.524760163313789
6.552446557217524
6.58013295112126
6.607819345024997
6.635505738928733
6.663192132832468
6.690878526736204
6.718564920639942
6.746251314543677
6.773937708447413
6.801624102351148
6.829310496254886
6.856996890158621
6.884683284062357
6.912369677966092
6.94005607186983
6.967742465773566
6.9954288596773
7.023115253581037
7.050801647484772
7.07848804138851
7.106174435292245
7.133860829195981
7.161547223099716
7.189233617003453
7.21692001090719
7.244606404810924
7.27229279871466
7.299979192618398
7.327665586522134
7.355351980425869
7.383038374329605
7.410724768233342
7.438411162137077
7.466097556040813
7.493783949944548
7.521470343848287
7.549156737752022
7.576843131655758
7.604529525559493
7.632215919463229
7.659902313366966
7.687588707270701
7.715275101174437
7.742961495078172
7.770647888981911
7.798334282885646
7.826020676789382
7.853707070693117
7.881393464596854
7.90907985850059
7.936766252404325
7.964452646308061
7.992139040211798
8.019825434115534
8.04751182801927
8.075198221923005
8.10288461582674
8.130571009730478
8.158257403634215
8.18594379753795
8.213630191441686
8.241316585345423
8.269002979249159
8.296689373152894
8.32437576705663
8.352062160960367
8.379748554864102
8.407434948767838
8.435121342671573
8.46280773657531
8.490494130479046
8.518180524382782
8.545866918286517
8.573553312190253
8.60123970609399
8.628926099997726
8.656612493901461
8.684298887805197
8.711985281708936
8.739671675612671
8.767358069516407
8.795044463420142
8.82273085732388
8.850417251227615
8.87810364513135
8.905790039035086
8.933476432938823
8.961162826842559
8.988849220746294
9.01653561465003
9.044222008553767
9.071908402457503
9.099594796361238
9.127281190264974
9.154967584168709
9.182653978072446
9.210340371976184