-4.605170185988091
-4.535745509817417
-4.4663208336467415
-4.396896157476067
-4.327471481305392
-4.258046805134717
-4.1886221289640435
-4.119197452793368
-4.049772776622693
-3.9803481004520185
-3.910923424281344
-3.8414987481106695
-3.7720740719399943
-3.7026493957693196
-3.633224719598645
-3.56380004342797
-3.494375367257296
-3.4249506910866208
-3.3555260149159456
-3.2861013387452713
-3.2166766625745966
-3.1472519864039223
-3.077827310233247
-3.008402634062572
-2.9389779578918973
-2.869553281721223
-2.8001286055505483
-2.7307039293798736
-2.6612792532091984
-2.5918545770385237
-2.522429900867849
-2.4530052246971747
-2.3835805485264996
-2.3141558723558244
-2.24473119618515
-2.1753065200144754
-2.1058818438438007
-2.036457167673126
-1.9670324915024513
-1.8976078153317764
-1.8281831391611019
-1.7587584629904267
-1.6893337868197522
-1.6199091106490777
-1.5504844344784028
-1.481059758307728
-1.4116350821370531
-1.3422104059663786
-1.2727857297957037
-1.203361053625029
-1.1339363774543545
-1.0645117012836793
-0.9950870251130048
-0.9256623489423299
-0.8562376727716553
-0.7868129966009807
-0.7173883204303056
-0.6479636442596313
-0.5785389680889561
-0.5091142919182816
-0.43968961574760707
-0.370264939576932
-0.3008402634062574
-0.23141558723558245
-0.16199091106490798
-0.0925662348942334
-0.023141558723558366
0.04628311744711678
0.11570779361779114
0.18513246978846573
0.2545571459591403
0.3239818221298148
0.3934064983004904
0.46283117447116495
0.5322558506418394
0.6016805268125139
0.6711052029831885
0.740529879153864
0.8099545553245385
0.8793792314952131
0.9488039076658876
1.0182285838365621
1.0876532600072377
1.1570779361779122
1.226502612348587
1.2959272885192614
1.365351964689936
1.4347766408606115
1.504201317031286
1.5736259932019605
1.6430506693726352
1.7124753455433095
1.781900021713985
1.8513246978846598
1.9207493740553343
1.9901740502260088
2.0595987263966844
2.1290234025673587
2.1984480787380334
2.267872754908708
2.3372974310793824
2.406722107250058
2.4761467834207327
2.545571459591407
2.6149961357620817
2.684420811932756
2.7538454881034315
2.8232701642741063
2.892694840444781
2.9621195166154553
3.03154419278613
3.1009688689568056
3.17039354512748
3.2398182212981546
3.309242897468829
3.3786675736395035
3.448092249810179
3.517516925980854
3.586941602151528
3.656366278322203
3.725790954492877
3.7952156306635527
3.8646403068342274
3.9340649830049017
4.003489659175576
4.072914335346251
4.142339011516927
4.211763687687601
4.281188363858275
4.35061304002895
4.420037716199625
4.4894623923703
4.558887068540975
4.628311744711649
4.6977364208823245
4.767161097052998
4.836585773223674
4.906010449394348
4.975435125565022
5.044859801735698
5.114284477906372
5.1837091540770475
5.253133830247721
5.322558506418397
5.3919831825890725
5.461407858759745
5.530832534930421
5.600257211101095
5.6696818872717705
5.739106563442446
5.808531239613119
5.877955915783795
5.947380591954468
6.016805268125144
6.08622994429582
6.1556546204664935
6.225079296637168
6.294503972807842
6.363928648978518
6.433353325149193
6.502778001319867
6.572202677490543
6.641627353661216
6.711052029831891
6.780476706002567
6.849901382173241
6.919326058343916
6.988750734514589
7.058175410685265
7.12760008685594
7.197024763026614
7.26644943919729
7.335874115367963
7.405298791538638
7.474723467709314
7.544148143879988
7.613572820050663
7.682997496221337
7.752422172392013
7.8218468485626875
7.891271524733361
7.960696200904037
8.03012087707471
8.099545553245386
8.168970229416061
8.238394905586736
8.30781958175741
8.377244257928083
8.44666893409876
8.516093610269435
8.58551828644011
8.654942962610784
8.72436763878146
8.793792314952134
8.863216991122808
8.932641667293483
9.002066343464158
9.071491019634834
9.140915695805507
9.210340371976184