-6.907755278982137
-6.85322036888491
-6.798685458787682
-6.744150548690455
-6.689615638593228
-6.635080728496001
-6.580545818398773
-6.5260109083015445
-6.471475998204317
-6.41694108810709
-6.362406178009863
-6.307871267912636
-6.253336357815408
-6.198801447718181
-6.144266537620954
-6.089731627523725
-6.035196717426498
-5.9806618073292706
-5.926126897232043
-5.871591987134816
-5.871591987134816
-5.817057077037589
-5.762522166940362
-5.7079872568431345
-5.653452346745907
-5.598917436648679
-5.544382526551452
-5.489847616454225
-5.4353127063569975
-5.38077779625977
-5.326242886162542
-5.271707976065315
-5.217173065968087
-5.1626381558708605
-5.108103245773632
-5.053568335676405
-4.999033425579178
-4.944498515481951
-4.8899636053847235
-4.835428695287496
-4.835428695287496
-4.780893785190269
-4.726358875093042
-4.671823964995815
-4.6172890548985865
-4.562754144801359
-4.508219234704132
-4.453684324606904
-4.399149414509677
-4.34461450441245
-4.290079594315222
-4.235544684217995
-4.181009774120767
-4.12647486402354
-4.071939953926313
-4.0174050438290845
-3.9628701337318577
-3.90833522363463
-3.8538003135374024
-3.799265403440175
-3.799265403440175
-3.744730493342948
-3.6901955832457207
-3.635660673148493
-3.5811257630512654
-3.526590852954038
-3.472055942856811
-3.4175210327595833
-3.362986122662356
-3.308451212565129
-3.253916302467901
-3.199381392370674
-3.1448464822734463
-3.090311572176219
-3.035776662078992
-2.981241751981764
-2.926706841884537
-2.8721719317873093
-2.817637021690082
-2.763102111592855
-2.763102111592855
-2.7085672014956272
-2.6540322913984
-2.5994973813011724
-2.544962471203945
-2.4904275611067175
-2.4358926510094903
-2.381357740912263
-2.326822830815036
-2.272287920717808
-2.217753010620581
-2.1632181005233533
-2.108683190426126
-2.054148280328899
-1.9996133702316714
-1.945078460134444
-1.8905435500372165
-1.8360086399399889
-1.7814737298427614
-1.7269388197455342
-1.7269388197455342
-1.672403909648307
-1.6178689995510793
-1.563334089453852
-1.5087991793566244
-1.4542642692593972
-1.3997293591621698
-1.3451944490649423
-1.290659538967715
-1.2361246288704875
-1.18158971877326
-1.1270548086760328
-1.0725198985788051
-1.0179849884815777
-0.9634500783843505
-0.908915168287123
-0.8543802581898956
-0.7998453480926682
-0.7453104379954407
-0.6907755278982134
-0.6907755278982134
-0.6362406178009862
-0.5817057077037587
-0.5271707976065314
-0.4726358875093039
-0.4181009774120766
-0.3635660673148492
-0.30903115721762187
-0.25449624712039454
-0.19996133702316718
-0.14542642692593974
-0.09089151682871233
-0.03635660673148508
0.018178303365742315
0.07271321346296974
0.1272481235601972
0.1817830336574244
0.23631794375465173
0.29085285385187926
0.3453877639491066
0.3453877639491066
0.39992267404633397
0.45445758414356136
0.5089924942407889
0.5635274043380163
0.6180623144352437
0.6725972245324711
0.7271321346296984
0.7816670447269258
0.8362019548241534
0.8907368649213808
0.945271775018608
0.9998066851158357
1.054341595213063
1.1088765053102903
1.163411415407518
1.2179463255047451
1.2724812356019728
1.3270161456992
1.3815510557964277
1.3815510557964277
1.4360859658936551
1.490620875990882
1.5451557860881098
1.599690696185337
1.6542256062825644
1.7087605163797919
1.7632954264770193
1.8178303365742468
1.872365246671474
1.9269001567687012
1.9814350668659284
2.035969976963156
2.0905048870603835
2.1450397971576107
2.1995747072548384
2.2541096173520656
2.308644527449293
2.36317943754652
2.4177143476437477
2.4177143476437477
2.472249257740975
2.526784167838202
2.58131907793543
2.6358539880326575
2.6903888981298847
2.744923808227112
2.799458718324339
2.8539936284215672
2.9085285385187944
2.9630634486160217
3.017598358713249
3.0721332688104765
3.126668178907704
3.1812030890049314
3.2357379991021586
3.290272909199386
3.344807819296614
3.399342729393841
3.4538776394910684
3.4538776394910684
3.5084125495882956
3.5629474596855233
3.617482369782751
3.672017279879978
3.726552189977206
3.781087100074433
3.8356220101716603
3.890156920268888
3.944691830366115
3.999226740463343
4.05376165056057
4.108296560657798
4.162831470755025
4.217366380852252
4.271901290949479
4.326436201046707
4.380971111143935
4.435506021241162
4.490040931338389
4.490040931338389
4.544575841435617
4.599110751532844
4.653645661630072
4.708180571727299
4.762715481824526
4.817250391921754
4.871785302018981
4.926320212116209
4.980855122213437
5.035390032310664
5.089924942407891
5.144459852505118
5.198994762602346
5.253529672699573
5.308064582796801
5.362599492894028
5.417134402991256
5.4716693130884835
5.526204223185711
5.526204223185711
5.580739133282938
5.635274043380165
5.689808953477392
5.74434386357462
5.798878773671847
5.853413683769075
5.907948593866303
5.96248350396353
6.017018414060757
6.071553324157985
6.126088234255212
6.180623144352439
6.235158054449666
6.2896929645468935
6.3442278746441225
6.39876278474135
6.453297694838577
6.507832604935804
6.562367515033031
6.562367515033031
6.616902425130259
6.671437335227486
6.725972245324713
6.78050715542194
6.835042065519168
6.889576975616396
6.944111885713623
6.99864679581085
7.053181705908077
7.1077166160053045
7.162251526102532
7.216786436199759
7.271321346296986
7.325856256394214
7.3803911664914414
7.434926076588669
7.489460986685896
7.543995896783123
7.59853080688035
7.59853080688035
7.6530657169775775
7.707600627074805
7.762135537172032
7.816670447269259
7.871205357366487
7.925740267463715
7.980275177560943
8.034810087658169
8.089344997755397
8.143879907852625
8.198414817949851
8.25294972804708
8.307484638144306
8.362019548241534
8.416554458338762
8.47108936843599
8.525624278533217
8.580159188630445
8.634694098727671
8.634694098727671
8.6892290088249
8.743763918922125
8.798298829019354
8.85283373911658
8.907368649213808
8.961903559311036
9.016438469408264
9.07097337950549
9.125508289602719
9.180043199699945
9.234578109797173
9.289113019894401
9.343647929991628
9.398182840088856
9.452717750186084
9.50725266028331
9.561787570380538
9.616322480477765
9.670857390574993
9.670857390574993
9.725392300672219
9.779927210769447
9.834462120866673
9.888997030963901
9.94353194106113
9.998066851158356
10.052601761255584
10.10713667135281
10.161671581450038
10.216206491547267
10.270741401644495
10.325276311741723
10.379811221838949
10.434346131936177
10.488881042033404
10.543415952130632
10.597950862227858
10.652485772325086
10.707020682422312
10.707020682422312
10.76155559251954
10.816090502616769
10.870625412713995
10.925160322811223
10.97969523290845
11.034230143005678
11.088765053102904
11.143299963200132
11.197834873297358
11.252369783394586
11.306904693491814
11.36143960358904
11.415974513686269
11.470509423783495
11.525044333880723
11.57957924397795
11.634114154075178
11.688649064172404
11.743183974269632
11.743183974269632
11.797718884366859
11.852253794464087
11.906788704561315
11.961323614658541
12.015858524755771
12.070393434852997
12.124928344950225
12.179463255047454
12.23399816514468
12.288533075241908
12.343067985339134
12.397602895436362
12.452137805533589
12.506672715630819
12.561207625728047
12.615742535825273
12.670277445922501
12.724812356019727
12.779347266116956
12.779347266116956
12.833882176214182
12.88841708631141
12.942951996408636
12.997486906505864
13.052021816603093
13.106556726700319
13.161091636797547
13.215626546894773
13.270161456992001
13.324696367089228
13.379231277186456
13.433766187283682
13.48830109738091
13.542836007478137
13.597370917575365
13.651905827672593
13.70644073776982
13.760975647867047
13.815510557964274