-4.605170185988091
-4.568813579256607
-4.532456972525122
-4.4961003657936365
-4.459743759062151
-4.423387152330667
-4.387030545599181
-4.350673938867697
-4.314317332136212
-4.277960725404727
-4.241604118673242
-4.2052475119417565
-4.168890905210272
-4.132534298478787
-4.096177691747302
-4.059821085015817
-4.023464478284332
-3.987107871552847
-3.9507512648213625
-3.9143946580898774
-3.9143946580898774
-3.8780380513583923
-3.8416814446269076
-3.805324837895423
-3.768968231163938
-3.7326116244324528
-3.6962550177009676
-3.6598984109694825
-3.6235418042379983
-3.587185197506513
-3.550828590775028
-3.514471984043543
-3.4781153773120583
-3.4417587705805737
-3.4054021638490886
-3.3690455571176035
-3.3326889503861183
-3.2963323436546337
-3.2599757369231486
-3.223619130191664
-3.223619130191664
-3.187262523460179
-3.150905916728694
-3.114549309997209
-3.078192703265724
-3.041836096534239
-3.0054794898027546
-2.9691228830712695
-2.9327662763397844
-2.8964096696082993
-2.860053062876815
-2.82369645614533
-2.787339849413845
-2.7509832426823597
-2.714626635950875
-2.67827002921939
-2.6419134224879053
-2.6055568157564206
-2.5692002090249355
-2.5328436022934504
-2.5328436022934504
-2.4964869955619653
-2.4601303888304806
-2.423773782098996
-2.387417175367511
-2.3510605686360257
-2.3147039619045406
-2.278347355173056
-2.241990748441571
-2.205634141710086
-2.169277534978601
-2.132920928247116
-2.0965643215156313
-2.060207714784146
-2.023851108052661
-1.9874945013211764
-1.9511378945896913
-1.9147812878582064
-1.8784246811267218
-1.8420680743952367
-1.8420680743952367
-1.8057114676637516
-1.769354860932267
-1.7329982542007818
-1.696641647469297
-1.660285040737812
-1.623928434006327
-1.5875718272748423
-1.5512152205433571
-1.5148586138118723
-1.4785020070803871
-1.4421454003489023
-1.4057887936174174
-1.3694321868859323
-1.3330755801544476
-1.2967189734229625
-1.2603623666914774
-1.2240057599599927
-1.187649153228508
-1.1512925464970227
-1.1512925464970227
-1.114935939765538
-1.078579333034053
-1.042222726302568
-1.0058661195710832
-0.9695095128395983
-0.9331529061081133
-0.8967962993766286
-0.8604396926451435
-0.8240830859136588
-0.7877264791821736
-0.7513698724506889
-0.715013265719204
-0.6786566589877191
-0.6423000522562341
-0.6059434455247493
-0.5695868387932643
-0.5332302320617794
-0.49687362533029455
-0.4605170185988095
-0.4605170185988095
-0.42416041186732456
-0.3878038051358397
-0.3514471984043546
-0.3150905916728696
-0.27873398494138457
-0.24237737820989969
-0.20602077147841477
-0.16966416474692972
-0.13330755801544475
-0.09695095128395981
-0.06059434455247486
-0.02423773782098995
0.012118868910495158
0.048475475641980036
0.08483208237346501
0.12118868910494998
0.15754529583643498
0.1939019025679199
0.2302585092994048
0.2302585092994048
0.26661511603088967
0.30297172276237466
0.3393283294938595
0.3756849362253445
0.4120415429568294
0.4483981496883143
0.48475475641979915
0.521111363151284
0.557467969882769
0.5938245766142539
0.6301811833457388
0.6665377900772237
0.7028943968087087
0.7392510035401936
0.7756076102716783
0.8119642170031632
0.8483208237346482
0.8846774304661331
0.9210340371976181
0.9210340371976181
0.9573906439291029
0.9937472506605878
1.0301038573920729
1.0664604641235578
1.1028170708550427
1.1391736775865275
1.1755302843180122
1.2118868910494973
1.2482434977809822
1.284600104512467
1.320956711243952
1.357313317975437
1.3936699247069217
1.4300265314384066
1.4663831381698915
1.5027397449013766
1.5390963516328615
1.5754529583643464
1.6118095650958315
1.6118095650958315
1.6481661718273164
1.684522778558801
1.7208793852902862
1.7572359920217713
1.7935925987532562
1.8299492054847413
1.8663058122162262
1.9026624189477113
1.939019025679196
1.975375632410681
2.011732239142166
2.048088845873651
2.0844454526051357
2.120802059336621
2.157158666068106
2.193515272799591
2.2298718795310757
2.266228486262561
2.302585092994046
2.302585092994046
2.3389416997255306
2.3752983064570152
2.4116549131885003
2.4480115199199854
2.4843681266514706
2.5207247333829548
2.55708134011444
2.593437946845925
2.62979455357741
2.6661511603088948
2.7025077670403794
2.7388643737718645
2.7752209805033496
2.8115775872348343
2.8479341939663194
2.8842908006978045
2.9206474074292887
2.957004014160774
2.993360620892259
2.993360620892259
3.029717227623744
3.0660738343552287
3.1024304410867134
3.1387870478181985
3.1751436545496836
3.2115002612811683
3.2478568680126534
3.284213474744138
3.3205700814756236
3.356926688207108
3.393283294938593
3.429639901670078
3.465996508401563
3.5023531151330474
3.5387097218645325
3.5750663285960176
3.6114229353275022
3.6477795420589874
3.6841361487904725
3.6841361487904725
3.720492755521957
3.7568493622534422
3.7932059689849273
3.829562575716412
3.865919182447897
3.902275789179382
3.938632395910867
3.974989002642352
4.011345609373837
4.047702216105321
4.084058822836806
4.1204154295682915
4.156772036299777
4.193128643031262
4.229485249762747
4.265841856494232
4.302198463225716
4.338555069957201
4.374911676688686
4.374911676688686
4.4112682834201715
4.447624890151657
4.483981496883142
4.520338103614626
4.556694710346111
4.593051317077596
4.629407923809081
4.6657645305405655
4.7021211372720515
4.738477744003536
4.774834350735022
4.811190957466506
4.847547564197992
4.883904170929476
4.92026077766096
4.956617384392446
4.992973991123931
5.029330597855417
5.065687204586901
5.065687204586901
5.102043811318385
5.138400418049871
5.174757024781355
5.21111363151284
5.2474702382443255
5.283826844975811
5.320183451707296
5.35654005843878
5.392896665170265
5.42925327190175
5.465609878633235
5.501966485364719
5.538323092096205
5.57467969882769
5.611036305559174
5.64739291229066
5.683749519022144
5.720106125753629
5.756462732485114
5.756462732485114
5.7928193392165985
5.8291759459480845
5.865532552679569
5.901889159411053
5.938245766142539
5.974602372874023
6.010958979605509
6.047315586336993
6.0836721930684785
6.120028799799964
6.156385406531448
6.192742013262933
6.229098619994418
6.265455226725903
6.301811833457387
6.3381684401888725
6.374525046920358
6.410881653651843
6.447238260383328
6.447238260383328
6.483594867114812
6.519951473846297
6.556308080577782
6.5926646873092665
6.6290212940407525
6.665377900772237
6.701734507503723
6.738091114235207
6.774447720966691
6.810804327698177
6.847160934429661
6.883517541161146
6.9198741478926316
6.956230754624116
6.992587361355601
7.028943968087086
7.065300574818571
7.101657181550056
7.13801378828154
7.13801378828154
7.1743703950130255
7.210727001744511
7.247083608475996
7.28344021520748
7.319796821938966
7.35615342867045
7.392510035401935
7.42886664213342
7.465223248864905
7.501579855596391
7.537936462327875
7.574293069059359
7.610649675790845
7.647006282522329
7.6833628892538135
7.7197194959852995
7.756076102716784
7.79243270944827
7.828789316179754
7.828789316179754
7.865145922911239
7.901502529642724
7.937859136374208
7.974215743105694
8.01057234983718
8.046928956568664
8.08328556330015
8.119642170031634
8.15599877676312
8.192355383494604
8.228711990226088
8.265068596957574
8.301425203689059
8.337781810420545
8.374138417152029
8.410495023883515
8.446851630614999
8.483208237346485
8.51956484407797
8.51956484407797
8.555921450809453
8.59227805754094
8.628634664272424
8.664991271003908
8.701347877735394
8.737704484466878
8.774061091198364
8.810417697929848
8.846774304661333
8.883130911392819
8.919487518124303
8.955844124855789
8.992200731587273
9.028557338318757
9.064913945050243
9.101270551781727
9.137627158513213
9.173983765244698
9.210340371976184