-4.605170185988091
-4.591072726235066
-4.576975266482042
-4.562877806729017
-4.548780346975992
-4.534682887222968
-4.520585427469943
-4.506487967716918
-4.4923905079638935
-4.478293048210868
-4.4641955884578435
-4.450098128704819
-4.436000668951794
-4.421903209198769
-4.407805749445744
-4.39370828969272
-4.379610829939695
-4.365513370186671
-4.351415910433645
-4.337318450680621
-4.323220990927596
-4.3091235311745715
-4.295026071421546
-4.2809286116685215
-4.266831151915497
-4.252733692162472
-4.238636232409447
-4.224538772656422
-4.210441312903398
-4.196343853150372
-4.182246393397349
-4.168148933644323
-4.154051473891299
-4.139954014138274
-4.1258565543852495
-4.111759094632224
-4.097661634879199
-4.083564175126175
-4.06946671537315
-4.055369255620126
-4.0412717958671
-4.027174336114076
-4.013076876361051
-3.998979416608026
-3.984881956855001
-3.970784497101977
-3.956687037348952
-3.942589577595927
-3.9284921178429024
-3.9143946580898774
-3.9143946580898774
-3.900297198336853
-3.8861997385838283
-3.8721022788308033
-3.8580048190777783
-3.843907359324754
-3.8298098995717287
-3.815712439818704
-3.8016149800656795
-3.7875175203126545
-3.7734200605596295
-3.7593226008066054
-3.7452251410535804
-3.7311276813005554
-3.717030221547531
-3.702932761794506
-3.6888353020414812
-3.6747378422884567
-3.6606403825354317
-3.6465429227824067
-3.6324454630293825
-3.6183480032763575
-3.6042505435233325
-3.590153083770308
-3.576055624017283
-3.5619581642642584
-3.547860704511234
-3.533763244758209
-3.519665785005184
-3.5055683252521597
-3.4914708654991347
-3.4773734057461096
-3.463275945993085
-3.44917848624006
-3.435081026487035
-3.420983566734011
-3.406886106980986
-3.392788647227961
-3.3786911874749364
-3.364593727721912
-3.3504962679688868
-3.336398808215862
-3.322301348462837
-3.308203888709812
-3.294106428956788
-3.280008969203763
-3.265911509450738
-3.2518140496977135
-3.237716589944689
-3.223619130191664
-3.223619130191664
-3.209521670438639
-3.1954242106856143
-3.1813267509325893
-3.1672292911795643
-3.15313183142654
-3.139034371673515
-3.12493691192049
-3.1108394521674656
-3.096741992414441
-3.082644532661416
-3.0685470729083915
-3.0544496131553664
-3.040352153402342
-3.0262546936493173
-3.0121572338962923
-2.9980597741432677
-2.9839623143902427
-2.969864854637218
-2.9557673948841936
-2.9416699351311686
-2.9275724753781436
-2.913475015625119
-2.899377555872094
-2.8852800961190694
-2.871182636366045
-2.85708517661302
-2.842987716859995
-2.8288902571069707
-2.8147927973539457
-2.8006953376009207
-2.786597877847896
-2.7725004180948716
-2.7584029583418466
-2.744305498588822
-2.730208038835797
-2.716110579082772
-2.702013119329748
-2.687915659576723
-2.673818199823698
-2.6597207400706733
-2.6456232803176483
-2.6315258205646237
-2.617428360811599
-2.603330901058574
-2.5892334413055496
-2.575135981552525
-2.5610385217995
-2.5469410620464754
-2.5328436022934504
-2.5328436022934504
-2.5187461425404254
-2.5046486827874013
-2.4905512230343763
-2.4764537632813513
-2.4623563035283267
-2.4482588437753017
-2.4341613840222767
-2.4200639242692525
-2.4059664645162275
-2.3918690047632025
-2.377771545010178
-2.3636740852571534
-2.3495766255041284
-2.335479165751104
-2.321381705998079
-2.307284246245054
-2.2931867864920292
-2.2790893267390047
-2.2649918669859797
-2.250894407232955
-2.2367969474799305
-2.2226994877269055
-2.208602027973881
-2.194504568220856
-2.180407108467831
-2.1663096487148064
-2.152212188961782
-2.138114729208757
-2.124017269455732
-2.109919809702707
-2.0958223499496826
-2.0817248901966576
-2.067627430443633
-2.053529970690608
-2.0394325109375835
-2.025335051184559
-2.011237591431534
-1.9971401316785091
-1.9830426719254846
-1.9689452121724595
-1.954847752419435
-1.9407502926664102
-1.9266528329133852
-1.9125553731603606
-1.8984579134073358
-1.884360453654311
-1.8702629939012863
-1.8561655341482617
-1.8420680743952367
-1.8420680743952367
-1.8279706146422119
-1.813873154889187
-1.7997756951361623
-1.7856782353831375
-1.7715807756301127
-1.757483315877088
-1.7433858561240634
-1.7292883963710386
-1.7151909366180138
-1.701093476864989
-1.6869960171119642
-1.6728985573589394
-1.6588010976059144
-1.6447036378528899
-1.630606178099865
-1.6165087183468403
-1.6024112585938155
-1.5883137988407907
-1.574216339087766
-1.5601188793347411
-1.5460214195817166
-1.5319239598286916
-1.5178265000756668
-1.5037290403226422
-1.4896315805696172
-1.4755341208165926
-1.4614366610635678
-1.447339201310543
-1.4332417415575183
-1.4191442818044937
-1.4050468220514687
-1.390949362298444
-1.3768519025454193
-1.3627544427923943
-1.3486569830393695
-1.334559523286345
-1.3204620635333202
-1.3063646037802954
-1.2922671440272708
-1.2781696842742458
-1.264072224521221
-1.2499747647681965
-1.2358773050151715
-1.2217798452621467
-1.207682385509122
-1.193584925756097
-1.1794874660030725
-1.1653900062500477
-1.1512925464970227
-1.1512925464970227
-1.137195086743998
-1.1230976269909734
-1.1090001672379484
-1.094902707484924
-1.080805247731899
-1.0667077879788742
-1.0526103282258497
-1.0385128684728249
-1.0244154087197999
-1.0103179489667753
-0.9962204892137505
-0.9821230294607257
-0.968025569707701
-0.9539281099546763
-0.9398306502016515
-0.9257331904486267
-0.911635730695602
-0.8975382709425771
-0.8834408111895524
-0.8693433514365277
-0.8552458916835028
-0.8411484319304781
-0.8270509721774534
-0.8129535124244286
-0.7988560526714038
-0.7847585929183791
-0.7706611331653543
-0.7565636734123296
-0.7424662136593048
-0.72836875390628
-0.7142712941532552
-0.7001738344002304
-0.6860763746472057
-0.671978914894181
-0.6578814551411561
-0.6437839953881314
-0.6296865356351068
-0.615589075882082
-0.6014916161290571
-0.5873941563760324
-0.5732966966230076
-0.5591992368699829
-0.5451017771169582
-0.5310043173639333
-0.5169068576109086
-0.5028093978578839
-0.488711938104859
-0.4746144783518343
-0.4605170185988095
-0.4605170185988095
-0.4464195588457846
-0.43232209909276
-0.4182246393397351
-0.4041271795867103
-0.39002971983368556
-0.37593226008066083
-0.36183480032763593
-0.34773734057461114
-0.3336398808215864
-0.31954242106856173
-0.30544496131553694
-0.29134750156251205
-0.27725004180948726
-0.26315258205646247
-0.2490551223034377
-0.23495766255041298
-0.2208602027973881
-0.2067627430443634
-0.19266528329133856
-0.17856782353831377
-0.164470363785289
-0.1503729040322643
-0.1362754442792394
-0.12217798452621469
-0.10808052477318987
-0.09398306502016508
-0.07988560526714036
-0.06578814551411552
-0.05169068576109085
-0.037593226008065944
-0.023495766255041194
-0.009398306502016424
0.004699153251008301
0.018796613004033146
0.03289407275705788
0.0469915325100827
0.06108899226310741
0.07518645201613232
0.089283911769157
0.10338137152218174
0.11747883127520665
0.13157629102823143
0.14567375078125616
0.15977121053428098
0.1738686702873058
0.18796613004033055
0.2020635897933553
0.2161610495463802
0.2302585092994048
0.2302585092994048
0.24435596905242948
0.25845342880545435
0.2725508885584791
0.2866483483115038
0.30074580806452866
0.3148432678175534
0.32894072757057813
0.34303818732360286
0.35713564707662776
0.3712331068296525
0.3853305665826772
0.39942802633570185
0.4135254860887267
0.4276229458417514
0.4417204055947762
0.45581786534780105
0.46991532510082573
0.4840127848538505
0.49811024460687536
0.5122077043599
0.5263051641129247
0.5404026238659496
0.5545000836189743
0.5685975433719991
0.5826950031250238
0.5967924628780485
0.6108899226310734
0.624987382384098
0.6390848421371229
0.6531823018901477
0.6672797616431724
0.6813772213961972
0.695474681149222
0.7095721409022467
0.7236696006552714
0.7377670604082962
0.7518645201613211
0.7659619799143456
0.7800594396673706
0.7941568994203952
0.80825435917342
0.8223518189264448
0.8364492786794694
0.8505467384324943
0.864644198185519
0.8787416579385438
0.8928391176915685
0.9069365774445932
0.9210340371976181
0.9210340371976181
0.9351314969506429
0.9492289567036675
0.9633264164566925
0.977423876209717
0.991521335962742
1.0056187957157665
1.0197162554687913
1.033813715221816
1.047911174974841
1.0620086347278657
1.0761060944808905
1.090203554233915
1.10430101398694
1.1183984737399646
1.1324959334929896
1.1465933932460144
1.160690852999039
1.174788312752064
1.1888857725050885
1.2029832322581133
1.217080692011138
1.231178151764163
1.2452756115171875
1.2593730712702123
1.2734705310232368
1.2875679907762618
1.3016654505292866
1.3157629102823112
1.3298603700353362
1.3439578297883608
1.3580552895413855
1.3721527492944106
1.3862502090474351
1.4003476688004597
1.4144451285534847
1.4285425883065095
1.442640048059534
1.456737507812559
1.4708349675655839
1.4849324273186084
1.4990298870716334
1.513127346824658
1.5272248065776828
1.5413222663307076
1.5554197260837321
1.569517185836757
1.583614645589782
1.5977121053428063
1.6118095650958315
1.6118095650958315
1.625907024848856
1.640004484601881
1.6541019443549057
1.6681994041079307
1.6822968638609554
1.69639432361398
1.710491783367005
1.7245892431200296
1.7386867028730542
1.7527841626260792
1.766881622379104
1.7809790821321287
1.7950765418851535
1.8091740016381785
1.823271461391203
1.837368921144228
1.851466380897253
1.8655638406502775
1.879661300403302
1.893758760156327
1.9078562199093518
1.9219536796623764
1.9360511394154014
1.9501485991684264
1.964246058921451
1.9783435186744758
1.9924409784275006
2.006538438180525
2.02063589793355
2.034733357686575
2.0488308174395997
2.0629282771926243
2.0770257369456493
2.091123196698674
2.105220656451699
2.1193181162047234
2.1334155759577484
2.147513035710773
2.161610495463798
2.1757079552168226
2.1898054149698476
2.203902874722872
2.218000334475897
2.2320977942289217
2.2461952539819463
2.2602927137349713
2.2743901734879963
2.288487633241021
2.302585092994046
2.302585092994046
2.3166825527470705
2.330780012500095
2.34487747225312
2.358974932006145
2.373072391759169
2.387169851512194
2.401267311265219
2.4153647710182438
2.4294622307712688
2.443559690524294
2.457657150277318
2.471754610030343
2.4858520697833675
2.4999495295363925
2.514046989289417
2.5281444490424416
2.5422419087954666
2.5563393685484916
2.5704368283015158
2.5845342880545408
2.598631747807566
2.6127292075605903
2.6268266673136154
2.64092412706664
2.6550215868196645
2.6691190465726895
2.6832165063257145
2.697313966078739
2.7114114258317636
2.7255088855847887
2.739606345337813
2.7537038050908382
2.767801264843863
2.7818987245968874
2.7959961843499124
2.8100936441029374
2.824191103855962
2.8382885636089865
2.8523860233620115
2.866483483115036
2.880580942868061
2.894678402621086
2.9087758623741102
2.9228733221271352
2.93697078188016
2.951068241633185
2.9651657013862094
2.979263161139234
2.993360620892259
2.993360620892259
3.007458080645284
3.0215555403983085
3.035653000151333
3.049750459904358
3.0638479196573827
3.0779453794104077
3.0920428391634327
3.106140298916457
3.120237758669482
3.134335218422507
3.1484326781755314
3.162530137928556
3.1766275976815805
3.1907250574346055
3.2048225171876306
3.218919976940655
3.23301743669368
3.2471148964467047
3.2612123561997293
3.2753098159527543
3.2894072757057793
3.3035047354588034
3.3176021952118284
3.3316996549648534
3.345797114717878
3.3598945744709026
3.3739920342239276
3.388089493976952
3.402186953729977
3.416284413483002
3.4303818732360263
3.4444793329890513
3.4585767927420763
3.472674252495101
3.486771712248126
3.500869172001151
3.514966631754175
3.5290640915072
3.543161551260225
3.5572590110132496
3.5713564707662746
3.585453930519299
3.5995513902723237
3.6136488500253487
3.627746309778373
3.641843769531398
3.655941229284423
3.6700386890374475
3.6841361487904725
3.6841361487904725
3.698233608543497
3.7123310682965216
3.7264285280495466
3.7405259878025716
3.754623447555596
3.7687209073086207
3.7828183670616458
3.7969158268146708
3.8110132865676953
3.82511074632072
3.839208206073745
3.8533056658267695
3.8674031255797945
3.8815005853328195
3.895598045085844
3.9096955048388686
3.9237929645918936
3.937890424344918
3.951987884097943
3.966085343850968
3.980182803603993
3.9942802633570174
4.008377723110042
4.022475182863067
4.0365726426160915
4.050670102369117
4.0647675621221415
4.078865021875166
4.092962481628191
4.107059941381216
4.121157401134241
4.135254860887265
4.14935232064029
4.163449780393315
4.17754724014634
4.191644699899364
4.20574215965239
4.2198396194054135
4.233937079158439
4.2480345389114635
4.262131998664488
4.276229458417514
4.290326918170538
4.304424377923563
4.318521837676587
4.332619297429612
4.346716757182637
4.360814216935662
4.374911676688686
4.374911676688686
4.389009136441712
4.4031065961947355
4.417204055947761
4.431301515700786
4.44539897545381
4.459496435206836
4.47359389495986
4.487691354712885
4.501788814465909
4.515886274218935
4.529983733971959
4.544081193724984
4.558178653478008
4.572276113231034
4.5863735729840585
4.600471032737083
4.614568492490108
4.628665952243132
4.642763411996158
4.656860871749182
4.670958331502207
4.685055791255232
4.699153251008257
4.713250710761281
4.727348170514307
4.7414456302673305
4.755543090020355
4.7696405497733805
4.783738009526405
4.79783546927943
4.811932929032455
4.82603038878548
4.840127848538504
4.85422530829153
4.868322768044554
4.88242022779758
4.896517687550603
4.910615147303628
4.924712607056653
4.938810066809678
4.9529075265627025
4.967004986315728
4.9811024460687525
4.995199905821777
5.0092973655748025
5.023394825327826
5.037492285080851
5.051589744833876
5.065687204586901
5.065687204586901
5.079784664339925
5.093882124092951
5.107979583845975
5.122077043599
5.136174503352025
5.15027196310505
5.164369422858074
5.178466882611099
5.192564342364124
5.206661802117148
5.220759261870174
5.234856721623198
5.248954181376223
5.263051641129248
5.277149100882273
5.2912465606352965
5.305344020388322
5.3194414801413465
5.333538939894371
5.347636399647397
5.361733859400421
5.375831319153446
5.389928778906471
5.404026238659496
5.418123698412519
5.432221158165544
5.446318617918569
5.460416077671594
5.4745135374246185
5.488610997177644
5.502708456930669
5.516805916683693
5.530903376436719
5.545000836189742
5.559098295942767
5.573195755695792
5.587293215448817
5.601390675201841
5.615488134954867
5.629585594707891
5.643683054460916
5.6577805142139415
5.671877973966966
5.68597543371999
5.700072893473015
5.71417035322604
5.728267812979064
5.74236527273209
5.756462732485114
5.756462732485114
5.770560192238139
5.784657651991164
5.798755111744189
5.812852571497213
5.826950031250238
5.841047491003263
5.855144950756287
5.869242410509313
5.883339870262337
5.897437330015362
5.911534789768387
5.925632249521412
5.939729709274436
5.953827169027462
5.9679246287804855
5.98202208853351
5.9961195482865355
6.01021700803956
6.024314467792585
6.03841192754561
6.052509387298635
6.066606847051658
6.080704306804685
6.094801766557708
6.108899226310733
6.1229966860637575
6.137094145816783
6.1511916055698075
6.165289065322832
6.1793865250758575
6.193483984828882
6.207581444581906
6.221678904334931
6.235776364087956
6.24987382384098
6.263971283594006
6.27806874334703
6.292166203100055
6.30626366285308
6.320361122606105
6.3344585823591295
6.348556042112154
6.362653501865179
6.376750961618203
6.390848421371229
6.404945881124253
6.419043340877278
6.433140800630303
6.447238260383328
6.447238260383328
6.461335720136352
6.475433179889378
6.4895306396424015
6.503628099395426
6.5177255591484515
6.531823018901476
6.545920478654501
6.560017938407526
6.574115398160551
6.588212857913575
6.6023103176666
6.616407777419624
6.630505237172649
6.644602696925674
6.658700156678699
6.6727976164317235
6.686895076184749
6.7009925359377736
6.715089995690798
6.729187455443824
6.743284915196847
6.757382374949872
6.771479834702897
6.785577294455922
6.799674754208946
6.813772213961971
6.827869673714996
6.841967133468021
6.8560645932210456
6.87016205297407
6.884259512727095
6.898356972480119
6.912454432233145
6.926551891986169
6.940649351739194
6.954746811492219
6.968844271245244
6.9829417309982675
6.997039190751293
7.011136650504318
7.025234110257342
7.039331570010368
7.053429029763392
7.067526489516417
7.081623949269442
7.095721409022467
7.109818868775491
7.123916328528517
7.13801378828154
7.13801378828154
7.152111248034565
7.1662087077875904
7.180306167540615
7.19440362729364
7.208501087046665
7.22259854679969
7.236696006552714
7.25079346630574
7.264890926058763
7.278988385811788
7.293085845564813
7.307183305317838
7.3212807650708625
7.335378224823888
7.3494756845769125
7.363573144329937
7.3776706040829625
7.391768063835987
7.405865523589011
7.419962983342036
7.434060443095061
7.448157902848085
7.462255362601111
7.476352822354135
7.49045028210716
7.5045477418601845
7.51864520161321
7.532742661366234
7.546840121119258
7.560937580872284
7.575035040625308
7.589132500378333
7.603229960131358
7.617327419884383
7.631424879637407
7.645522339390433
7.6596197991434565
7.673717258896481
7.6878147186495065
7.701912178402531
7.716009638155556
7.730107097908581
7.744204557661606
7.75830201741463
7.772399477167656
7.786496936920679
7.800594396673704
7.814691856426729
7.828789316179754
7.828789316179754
7.8428867759327785
7.856984235685804
7.8710816954388285
7.885179155191853
7.8992766149448785
7.913374074697902
7.927471534450929
7.941568994203952
7.955666453956977
7.969763913710002
7.983861373463027
7.997958833216051
8.012056292969076
8.0261537527221
8.040251212475127
8.054348672228151
8.068446131981176
8.0825435917342
8.096641051487225
8.11073851124025
8.124835970993276
8.138933430746299
8.153030890499323
8.16712835025235
8.181225810005374
8.195323269758399
8.209420729511423
8.223518189264448
8.237615649017474
8.251713108770499
8.265810568523522
8.279908028276548
8.294005488029573
8.308102947782597
8.322200407535622
8.336297867288646
8.350395327041673
8.364492786794697
8.378590246547722
8.392687706300746
8.406785166053771
8.420882625806795
8.43498008555982
8.449077545312845
8.46317500506587
8.477272464818896
8.49136992457192
8.505467384324945
8.51956484407797
8.51956484407797
8.533662303830994
8.54775976358402
8.561857223337043
8.575954683090067
8.590052142843094
8.604149602596118
8.618247062349143
8.632344522102168
8.646441981855192
8.660539441608217
8.674636901361243
8.688734361114266
8.70283182086729
8.716929280620317
8.731026740373341
8.745124200126366
8.75922165987939
8.773319119632415
8.78741657938544
8.801514039138466
8.81561149889149
8.829708958644513
8.84380641839754
8.857903878150564
8.872001337903589
8.886098797656613
8.900196257409638
8.914293717162662
8.928391176915687
8.942488636668713
8.956586096421736
8.97068355617476
8.984781015927787
8.998878475680812
9.012975935433836
9.02707339518686
9.041170854939885
9.05526831469291
9.069365774445936
9.083463234198959
9.097560693951984
9.11165815370501
9.125755613458034
9.139853073211059
9.153950532964084
9.168047992717108
9.182145452470133
9.196242912223159
9.210340371976184