-6.907755278982137
-6.886609089352599
-6.865462899723063
-6.844316710093525
-6.8231705204639885
-6.802024330834451
-6.780878141204914
-6.759731951575376
-6.738585761945839
-6.7174395723163025
-6.696293382686766
-6.675147193057228
-6.654001003427691
-6.632854813798153
-6.611708624168617
-6.59056243453908
-6.569416244909543
-6.548270055280005
-6.527123865650468
-6.5059776760209305
-6.484831486391394
-6.463685296761856
-6.44253910713232
-6.421392917502782
-6.400246727873245
-6.379100538243708
-6.357954348614171
-6.336808158984633
-6.315661969355097
-6.294515779725559
-6.2733695900960225
-6.252223400466485
-6.231077210836948
-6.20993102120741
-6.188784831577874
-6.167638641948336
-6.1464924523188
-6.125346262689262
-6.104200073059724
-6.083053883430187
-6.061907693800651
-6.040761504171114
-6.019615314541576
-5.998469124912039
-5.977322935282502
-5.956176745652964
-5.935030556023427
-5.913884366393891
-5.892738176764354
-5.871591987134816
-5.871591987134816
-5.850445797505279
-5.8292996078757415
-5.808153418246206
-5.787007228616668
-5.765861038987131
-5.744714849357593
-5.723568659728056
-5.702422470098519
-5.681276280468982
-5.660130090839445
-5.638983901209908
-5.61783771158037
-5.5966915219508335
-5.575545332321296
-5.554399142691759
-5.533252953062221
-5.512106763432685
-5.4909605738031475
-5.469814384173611
-5.448668194544073
-5.427522004914536
-5.406375815284998
-5.385229625655462
-5.364083436025925
-5.342937246396388
-5.32179105676685
-5.300644867137313
-5.2794986775077755
-5.2583524878782395
-5.237206298248702
-5.216060108619165
-5.194913918989627
-5.17376772936009
-5.152621539730553
-5.131475350101017
-5.110329160471479
-5.089182970841942
-5.068036781212405
-5.0468905915828675
-5.02574440195333
-5.004598212323794
-4.983452022694257
-4.962305833064719
-4.941159643435181
-4.920013453805645
-4.898867264176108
-4.87772107454657
-4.856574884917033
-4.835428695287496
-4.835428695287496
-4.814282505657959
-4.793136316028422
-4.771990126398884
-4.750843936769347
-4.72969774713981
-4.708551557510273
-4.687405367880736
-4.666259178251199
-4.645112988621661
-4.623966798992124
-4.602820609362587
-4.581674419733051
-4.560528230103513
-4.539382040473976
-4.518235850844439
-4.497089661214901
-4.4759434715853645
-4.454797281955828
-4.43365109232629
-4.412504902696753
-4.391358713067215
-4.3702125234376785
-4.349066333808141
-4.327920144178605
-4.306773954549067
-4.285627764919529
-4.2644815752899925
-4.243335385660456
-4.222189196030918
-4.201043006401381
-4.179896816771844
-4.1587506271423065
-4.13760443751277
-4.116458247883233
-4.095312058253695
-4.074165868624158
-4.053019678994621
-4.031873489365084
-4.010727299735547
-3.9895811101060095
-3.9684349204764726
-3.9472887308469353
-3.926142541217398
-3.9049963515878607
-3.883850161958324
-3.8627039723287866
-3.8415577826992493
-3.8204115930697125
-3.799265403440175
-3.799265403440175
-3.778119213810638
-3.756973024181101
-3.7358268345515637
-3.7146806449220264
-3.6935344552924896
-3.6723882656629523
-3.651242076033415
-3.630095886403878
-3.608949696774341
-3.5878035071448036
-3.5666573175152667
-3.5455111278857294
-3.524364938256192
-3.503218748626655
-3.482072558997118
-3.4609263693675807
-3.4397801797380434
-3.4186339901085065
-3.3974878004789693
-3.376341610849432
-3.355195421219895
-3.334049231590358
-3.3129030419608205
-3.2917568523312832
-3.2706106627017464
-3.249464473072209
-3.2283182834426722
-3.207172093813135
-3.1860259041835977
-3.164879714554061
-3.1437335249245235
-3.122587335294986
-3.101441145665449
-3.080294956035912
-3.059148766406375
-3.038002576776838
-3.0168563871473006
-2.9957101975177634
-2.974564007888226
-2.953417818258689
-2.932271628629152
-2.9111254389996146
-2.8899792493700778
-2.8688330597405405
-2.847686870111003
-2.8265406804814663
-2.805394490851929
-2.7842483012223918
-2.763102111592855
-2.763102111592855
-2.7419559219633176
-2.7208097323337803
-2.699663542704243
-2.678517353074706
-2.657371163445169
-2.636224973815632
-2.6150787841860947
-2.5939325945565574
-2.57278640492702
-2.5516402152974833
-2.530494025667946
-2.5093478360384087
-2.488201646408872
-2.4670554567793346
-2.4459092671497973
-2.4247630775202604
-2.403616887890723
-2.382470698261186
-2.3613245086316486
-2.3401783190021117
-2.3190321293725744
-2.2978859397430376
-2.2767397501135003
-2.255593560483963
-2.234447370854426
-2.213301181224889
-2.1921549915953515
-2.1710088019658147
-2.1498626123362774
-2.12871642270674
-2.1075702330772033
-2.086424043447666
-2.0652778538181287
-2.0441316641885914
-2.0229854745590545
-2.0018392849295172
-1.9806930952999802
-1.959546905670443
-1.9384007160409058
-1.9172545264113685
-1.8961083367818314
-1.8749621471522944
-1.8538159575227573
-1.83266976789322
-1.811523578263683
-1.7903773886341459
-1.7692311990046086
-1.7480850093750713
-1.7269388197455342
-1.7269388197455342
-1.7057926301159971
-1.68464644048646
-1.6635002508569228
-1.6423540612273857
-1.6212078715978484
-1.6000616819683113
-1.5789154923387743
-1.557769302709237
-1.5366231130797
-1.5154769234501626
-1.4943307338206255
-1.4731845441910885
-1.4520383545615514
-1.430892164932014
-1.409745975302477
-1.3885997856729397
-1.3674535960434027
-1.3463074064138656
-1.3251612167843283
-1.3040150271547912
-1.282868837525254
-1.2617226478957166
-1.2405764582661796
-1.2194302686366423
-1.1982840790071052
-1.1771378893775681
-1.1559916997480308
-1.1348455101184938
-1.1136993204889567
-1.0925531308594194
-1.0714069412298823
-1.050260751600345
-1.029114561970808
-1.007968372341271
-0.9868221827117337
-0.9656759930821965
-0.9445298034526594
-0.9233836138231222
-0.9022374241935851
-0.8810912345640479
-0.8599450449345107
-0.8387988553049734
-0.8176526656754364
-0.7965064760458992
-0.7753602864163621
-0.7542140967868248
-0.7330679071572878
-0.7119217175277506
-0.6907755278982134
-0.6907755278982134
-0.6696293382686762
-0.648483148639139
-0.6273369590096021
-0.6061907693800649
-0.5850445797505278
-0.5638983901209905
-0.5427522004914536
-0.5216060108619163
-0.5004598212323792
-0.47931363160284196
-0.45816744197330483
-0.4370212523437678
-0.41587506271423064
-0.3947288730846934
-0.3735826834551564
-0.35243649382561915
-0.331290304196082
-0.3101441145665449
-0.2889979249370078
-0.2678517353074706
-0.2467055456779335
-0.22555935604839633
-0.20441316641885915
-0.18326697678932205
-0.16212078715978498
-0.14097459753024777
-0.11982840790071063
-0.09868221827117357
-0.07753602864163638
-0.0563898390120993
-0.0352436493825621
-0.01409745975302493
0.007048729876512296
0.028194919506049364
0.04934110913558646
0.07048729876512368
0.09163348839466089
0.11277967802419782
0.13392586765373507
0.15507205728327222
0.1762182469128092
0.19736443654234653
0.21851062617188355
0.23965681580142079
0.26080300543095797
0.2819491950604951
0.3030953846900323
0.3242415743195694
0.3453877639491066
0.3453877639491066
0.3665339535786437
0.38768014320818095
0.4088263328377181
0.42997252246725526
0.4511187120967924
0.47226490172632957
0.4934110913558667
0.5145572809854039
0.5357034706149411
0.5568496602444782
0.5779958498740153
0.5991420395035525
0.6202882291330898
0.6414344187626269
0.662580608392164
0.6837267980217012
0.7048729876512384
0.7260191772807756
0.7471653669103128
0.76831155653985
0.789457746169387
0.8106039357989242
0.8317501254284614
0.8528963150579986
0.8740425046875356
0.8951886943170728
0.91633488394661
0.9374810735761472
0.9586272632056843
0.9797734528352215
1.0009196424647586
1.022065832094296
1.043212021723833
1.06435821135337
1.0855044009829071
1.1066505906124444
1.1277967802419815
1.1489429698715188
1.170089159501056
1.1912353491305931
1.2123815387601304
1.2335277283896675
1.2546739180192046
1.2758201076487419
1.296966297278279
1.318112486907816
1.3392586765373533
1.3604048661668904
1.3815510557964277
1.3815510557964277
1.4026972454259647
1.423843435055502
1.444989624685039
1.4661358143145762
1.4872820039441135
1.5084281935736505
1.5295743832031878
1.550720572832725
1.571866762462262
1.5930129520917993
1.6141591417213361
1.6353053313508734
1.6564515209804103
1.6775977106099476
1.6987439002394846
1.7198900898690217
1.7410362794985588
1.762182469128096
1.7833286587576334
1.8044748483871704
1.8256210380167077
1.8467672276462448
1.8679134172757819
1.8890596069053192
1.9102057965348562
1.9313519861643933
1.9524981757939306
1.9736443654234674
1.9947905550530045
2.015936744682542
2.0370829343120787
2.058229123941616
2.0793753135711532
2.1005215032006905
2.1216676928302274
2.1428138824597647
2.163960072089302
2.185106261718839
2.206252451348376
2.2273986409779134
2.2485448306074503
2.2696910202369875
2.290837209866525
2.3119833994960617
2.333129589125599
2.354275778755136
2.375421968384673
2.3965681580142104
2.4177143476437477
2.4177143476437477
2.4388605372732846
2.460006726902822
2.481152916532359
2.502299106161896
2.5234452957914333
2.5445914854209706
2.565737675050508
2.5868838646800447
2.608030054309582
2.629176243939119
2.650322433568656
2.6714686231981934
2.6926148128277307
2.7137610024572676
2.734907192086805
2.756053381716342
2.777199571345879
2.7983457609754163
2.819491950604954
2.8406381402344905
2.861784329864028
2.882930519493565
2.904076709123103
2.925222898752639
2.946369088382177
2.967515278011714
2.988661467641251
3.0098076572707884
3.030953846900325
3.0521000365298625
3.0732462261594
3.094392415788937
3.115538605418474
3.1366847950480112
3.1578309846775485
3.178977174307086
3.2001233639366227
3.22126955356616
3.242415743195697
3.263561932825234
3.2847081224547714
3.3058543120843087
3.3270005017138455
3.348146691343383
3.36929288097292
3.390439070602457
3.4115852602319943
3.4327314498615316
3.4538776394910684
3.4538776394910684
3.4750238291206057
3.496170018750143
3.51731620837968
3.538462398009217
3.5596085876387544
3.5807547772682913
3.6019009668978286
3.623047156527366
3.644193346156903
3.66533953578644
3.6864857254159773
3.707631915045514
3.7287781046750514
3.7499242943045887
3.771070483934126
3.792216673563663
3.8133628631932
3.8345090528227375
3.8556552424522748
3.8768014320818116
3.8979476217113493
3.9190938113408857
3.9402400009704235
3.9613861905999603
3.9825323802294976
4.003678569859035
4.024824759488572
4.045970949118109
4.067117138747647
4.088263328377184
4.1094095180067205
4.130555707636258
4.151701897265795
4.172848086895332
4.19399427652487
4.2151404661544065
4.236286655783943
4.257432845413481
4.278579035043018
4.299725224672555
4.3208714143020925
4.342017603931629
4.363163793561166
4.384309983190704
4.405456172820241
4.426602362449778
4.447748552079315
4.468894741708852
4.490040931338389
4.490040931338389
4.511187120967927
4.532333310597464
4.5534795002270005
4.574625689856538
4.595771879486075
4.616918069115612
4.63806425874515
4.659210448374687
4.680356638004224
4.701502827633761
4.722649017263299
4.743795206892836
4.764941396522373
4.786087586151909
4.807233775781447
4.828379965410984
4.849526155040522
4.870672344670059
4.891818534299596
4.912964723929132
4.93411091355867
4.955257103188207
4.976403292817745
4.9975494824472815
5.018695672076819
5.039841861706355
5.060988051335893
5.08213424096543
5.1032804305949675
5.124426620224504
5.145572809854042
5.166718999483578
5.187865189113116
5.209011378742653
5.23015756837219
5.251303758001727
5.272449947631265
5.293596137260803
5.314742326890339
5.3358885165198755
5.357034706149413
5.378180895778951
5.399327085408488
5.420473275038024
5.4416194646675615
5.462765654297099
5.483911843926636
5.505058033556173
5.526204223185711
5.526204223185711
5.547350412815248
5.568496602444784
5.589642792074322
5.610788981703859
5.631935171333397
5.653081360962934
5.674227550592471
5.695373740222008
5.716519929851545
5.737666119481082
5.75881230911062
5.779958498740156
5.801104688369694
5.822250877999231
5.843397067628768
5.864543257258305
5.8856894468878425
5.906835636517379
5.927981826146917
5.949128015776454
5.970274205405991
5.991420395035528
6.012566584665065
6.033712774294602
6.05485896392414
6.076005153553677
6.097151343183214
6.1182975328127505
6.139443722442288
6.160589912071825
6.181736101701363
6.2028822913309
6.224028480960437
6.245174670589973
6.266320860219511
6.287467049849048
6.308613239478586
6.329759429108123
6.35090561873766
6.372051808367196
6.393197997996734
6.414344187626272
6.4354903772558085
6.456636566885345
6.477782756514883
6.498928946144421
6.520075135773957
6.541221325403494
6.562367515033031
6.562367515033031
6.583513704662568
6.604659894292106
6.625806083921642
6.64695227355118
6.6680984631807165
6.689244652810254
6.710390842439791
6.731537032069329
6.752683221698866
6.7738294113284025
6.794975600957939
6.816121790587477
6.837267980217014
6.858414169846552
6.879560359476089
6.900706549105625
6.921852738735162
6.942998928364699
6.964145117994237
6.985291307623774
7.006437497253311
7.027583686882847
7.048729876512385
7.069876066141922
7.09102225577146
7.112168445400997
7.133314635030534
7.15446082466007
7.175607014289608
7.196753203919145
7.217899393548683
7.2390455831782194
7.260191772807756
7.281337962437293
7.30248415206683
7.323630341696368
7.344776531325905
7.365922720955442
7.387068910584979
7.408215100214517
7.429361289844053
7.450507479473591
7.4716536691031274
7.492799858732665
7.513946048362202
7.53509223799174
7.556238427621276
7.577384617250813
7.59853080688035
7.59853080688035
7.619676996509888
7.640823186139425
7.661969375768963
7.683115565398499
7.704261755028036
7.725407944657573
7.746554134287111
7.767700323916648
7.7888465135461855
7.8099927031757215
7.831138892805259
7.852285082434796
7.873431272064334
7.894577461693871
7.915723651323408
7.936869840952944
7.958016030582482
7.979162220212019
8.000308409841557
8.021454599471094
8.04260078910063
8.063746978730167
8.084893168359706
8.106039357989243
8.12718554761878
8.148331737248316
8.169477926877853
8.19062411650739
8.211770306136929
8.232916495766466
8.254062685396002
8.27520887502554
8.296355064655076
8.317501254284613
8.338647443914152
8.359793633543688
8.380939823173225
8.402086012802764
8.423232202432299
8.444378392061836
8.465524581691374
8.486670771320911
8.507816960950448
8.528963150579985
8.550109340209524
8.57125552983906
8.592401719468597
8.613547909098134
8.634694098727671
8.634694098727671
8.65584028835721
8.676986477986746
8.698132667616283
8.71927885724582
8.740425046875357
8.761571236504894
8.782717426134433
8.80386361576397
8.825009805393506
8.846155995023043
8.86730218465258
8.888448374282117
8.909594563911655
8.930740753541192
8.951886943170729
8.973033132800266
8.994179322429803
9.01532551205934
9.036471701688878
9.057617891318415
9.078764080947952
9.099910270577489
9.121056460207026
9.142202649836563
9.163348839466101
9.184495029095638
9.205641218725175
9.226787408354712
9.247933597984249
9.269079787613787
9.290225977243322
9.31137216687286
9.332518356502398
9.353664546131936
9.374810735761471
9.395956925391008
9.417103115020547
9.438249304650084
9.459395494279622
9.480541683909157
9.501687873538694
9.522834063168233
9.543980252797768
9.565126442427307
9.586272632056843
9.607418821686382
9.628565011315919
9.649711200945454
9.670857390574993
9.670857390574993
9.69200358020453
9.713149769834068
9.734295959463603
9.755442149093142
9.776588338722679
9.797734528352215
9.818880717981752
9.84002690761129
9.861173097240828
9.882319286870365
9.9034654764999
9.924611666129438
9.945757855758975
9.966904045388514
9.988050235018049
10.009196424647588
10.030342614277124
10.051488803906661
10.072634993536198
10.093781183165735
10.114927372795274
10.13607356242481
10.157219752054345
10.178365941683884
10.199512131313421
10.22065832094296
10.241804510572495
10.262950700202033
10.28409688983157
10.305243079461109
10.326389269090644
10.34753545872018
10.36868164834972
10.389827837979256
10.410974027608793
10.43212021723833
10.453266406867867
10.474412596497405
10.49555878612694
10.516704975756479
10.537851165386016
10.558997355015554
10.580143544645091
10.601289734274626
10.622435923904165
10.643582113533702
10.664728303163239
10.685874492792776
10.707020682422312
10.707020682422312
10.728166872051851
10.749313061681386
10.770459251310925
10.791605440940462
10.81275163057
10.833897820199535
10.855044009829072
10.87619019945861
10.897336389088148
10.918482578717684
10.939628768347221
10.96077495797676
10.981921147606297
11.003067337235832
11.02421352686537
11.045359716494907
11.066505906124442
11.087652095753981
11.108798285383518
11.129944475013057
11.151090664642592
11.17223685427213
11.193383043901667
11.214529233531206
11.23567542316074
11.256821612790278
11.277967802419816
11.299113992049353
11.32026018167889
11.341406371308427
11.362552560937964
11.383698750567502
11.404844940197037
11.425991129826576
11.447137319456113
11.468283509085648
11.489429698715186
11.510575888344723
11.531722077974262
11.552868267603797
11.574014457233336
11.595160646862873
11.61630683649241
11.637453026121946
11.658599215751483
11.679745405381022
11.700891595010557
11.722037784640094
11.743183974269632
11.743183974269632
11.764330163899169
11.785476353528708
11.806622543158243
11.827768732787781
11.848914922417318
11.870061112046857
11.891207301676392
11.912353491305929
11.933499680935467
11.954645870565004
11.975792060194543
11.996938249824078
12.018084439453615
12.039230629083153
12.06037681871269
12.081523008342227
12.102669197971764
12.123815387601303
12.14496157723084
12.166107766860376
12.187253956489913
12.20840014611945
12.229546335748989
12.250692525378525
12.271838715008062
12.2929849046376
12.314131094267136
12.335277283896675
12.35642347352621
12.377569663155748
12.398715852785285
12.419862042414824
12.44100823204436
12.462154421673896
12.483300611303434
12.504446800932971
12.52559299056251
12.546739180192045
12.567885369821584
12.58903155945112
12.610177749080657
12.631323938710196
12.652470128339731
12.67361631796927
12.694762507598806
12.715908697228345
12.73705488685788
12.758201076487417
12.779347266116956
12.779347266116956
12.800493455746492
12.82163964537603
12.842785835005566
12.863932024635103
12.885078214264642
12.906224403894177
12.927370593523715
12.948516783153252
12.96966297278279
12.990809162412326
13.011955352041863
13.033101541671401
13.054247731300938
13.075393920930475
13.096540110560012
13.117686300189549
13.138832489819086
13.159978679448622
13.181124869078161
13.202271058707698
13.223417248337235
13.244563437966772
13.265709627596308
13.286855817225847
13.308002006855382
13.32914819648492
13.350294386114458
13.371440575743996
13.392586765373531
13.413732955003068
13.434879144632607
13.456025334262144
13.47717152389168
13.498317713521217
13.519463903150754
13.540610092780291
13.561756282409828
13.582902472039367
13.604048661668903
13.625194851298438
13.646341040927977
13.667487230557514
13.688633420187053
13.709779609816588
13.730925799446126
13.752071989075663
13.773218178705198
13.794364368334737
13.815510557964274