-4.605170185988091
-4.561717261151102
-4.518264336314113
-4.474811411477124
-4.431358486640135
-4.387905561803146
-4.344452636966157
-4.300999712129168
-4.257546787292179
-4.21409386245519
-4.1706409376182005
-4.127188012781211
-4.0837350879442225
-4.040282163107234
-3.996829238270244
-3.9533763134332554
-3.909923388596266
-3.866470463759277
-3.8230175389222882
-3.7795646140852983
-3.7361116892483097
-3.6926587644113207
-3.6492058395743316
-3.605752914737342
-3.562299989900353
-3.5188470650633645
-3.475394140226375
-3.431941215389386
-3.388488290552397
-3.3450353657154075
-3.301582440878419
-3.25812951604143
-3.2146765912044404
-3.1712236663674513
-3.1277707415304623
-3.0843178166934737
-3.0408648918564842
-2.997411967019495
-2.953959042182506
-2.9105061173455167
-2.867053192508528
-2.8236002676715386
-2.78014734283455
-2.736694417997561
-2.6932414931605715
-2.649788568323583
-2.606335643486593
-2.5628827186496044
-2.5194297938126153
-2.4759768689756263
-2.4325239441386373
-2.389071019301648
-2.345618094464659
-2.3021651696276697
-2.2587122447906807
-2.2152593199536916
-2.171806395116702
-2.1283534702797136
-2.0849005454427245
-2.0414476206057355
-1.9979946957687462
-1.954541770931757
-1.9110888460947681
-1.867635921257779
-1.8241829964207898
-1.7807300715838008
-1.7372771467468116
-1.693824221909823
-1.6503712970728337
-1.6069183722358444
-1.5634654473988554
-1.5200125225618661
-1.4765595977248775
-1.4331066728878883
-1.3896537480508993
-1.34620082321391
-1.3027478983769207
-1.2592949735399317
-1.2158420487029429
-1.1723891238659538
-1.1289361990289646
-1.0854832741919753
-1.0420303493549863
-0.9985774245179976
-0.9551244996810084
-0.9116715748440192
-0.86821865000703
-0.8247657251700408
-0.7813128003330517
-0.737859875496063
-0.6944069506590739
-0.6509540258220846
-0.6075011009850955
-0.5640481761481063
-0.5205952513111176
-0.47714232647412846
-0.4336894016371392
-0.3902364768001501
-0.34678355196316085
-0.30333062712617215
-0.259877702289183
-0.21642477745219382
-0.17297185261520465
-0.12951892777821544
-0.08606600294122677
-0.042613078104237624
0.0008398467327516626
0.04429277156974023
0.08774569640672986
0.1311986212437185
0.17465154608070818
0.21810447091769689
0.2615573957546866
0.3050103205916754
0.34846324542866397
0.39191617026565373
0.4353690951026423
0.4788220199396321
0.5222749447766207
0.5657278696136093
0.6091807944505991
0.6526337192875877
0.6960866441245773
0.7395395689615661
0.7829924937985547
0.8264454186355444
0.869898343472533
0.9133512683095228
0.9568041931465114
1.0002571179835
1.0437100428204897
1.0871629676574786
1.1306158924944683
1.1740688173314568
1.2175217421684457
1.2609746670054351
1.304427591842424
1.3478805166794137
1.3913334415164023
1.434786366353391
1.4782392911903806
1.5216922160273694
1.5651451408643589
1.6085980657013477
1.6520509905383363
1.695503915375326
1.7389568402123148
1.7824097650493045
1.825862689886293
1.8693156147232828
1.9127685395602714
1.9562214643972602
1.99967438923425
2.0431273140712385
2.086580238908228
2.130033163745217
2.1734860885822056
2.216939013419195
2.2603919382561837
2.3038448630931736
2.347297787930162
2.390750712767151
2.4342036376041407
2.4776565624411293
2.521109487278119
2.564562412115108
2.6080153369520964
2.651468261789086
2.6949211866260745
2.7383741114630644
2.781827036300053
2.8252799611370416
2.868732885974031
2.91218581081102
2.9556387356480096
2.999091660484998
3.042544585321988
3.0859975101589767
3.1294504349959653
3.1729033598329552
3.216356284669944
3.2598092095069333
3.3032621343439224
3.346715059180911
3.3901679840179004
3.433620908854889
3.477073833691879
3.5205267585288675
3.563979683365856
3.607432608202846
3.6508855330398347
3.694338457876824
3.7377913827138127
3.7812443075508018
3.8246972323877912
3.86815015722478
3.9116030820617698
3.9550560068987584
3.998508931735747
4.041961856572737
4.0854147814097255
4.128867706246715
4.1723206310837035
4.215773555920692
4.2592264807576825
4.302679405594671
4.346132330431661
4.389585255268649
4.433038180105638
4.476491104942627
4.519944029779616
4.563396954616606
4.606849879453595
4.650302804290583
4.693755729127572
4.737208653964562
4.780661578801551
4.8241145036385396
4.867567428475528
4.911020353312517
4.954473278149508
4.997926202986497
5.041379127823485
5.084832052660474
5.128284977497464
5.171737902334454
5.215190827171442
5.258643752008431
5.302096676845419
5.34554960168241
5.389002526519398
5.432455451356387
5.4759083761933764
5.519361301030365
5.562814225867355
5.606267150704344
5.649720075541333
5.693173000378321
5.73662592521531
5.780078850052301
5.82353177488929
5.866984699726278
5.910437624563267
5.953890549400255
5.997343474237246
6.040796399074235
6.084249323911224
6.1277022487482125
6.171155173585201
6.214608098422191