-4.605170185988091
-4.591340846090229
-4.5775115061923675
-4.563682166294504
-4.549852826396643
-4.536023486498781
-4.522194146600919
-4.508364806703057
-4.4945354668051944
-4.480706126907332
-4.46687678700947
-4.453047447111608
-4.439218107213746
-4.425388767315884
-4.411559427418021
-4.397730087520159
-4.383900747622297
-4.370071407724435
-4.356242067826573
-4.342412727928711
-4.328583388030848
-4.314754048132986
-4.300924708235125
-4.287095368337262
-4.2732660284394
-4.2594366885415385
-4.245607348643675
-4.231778008745813
-4.217948668847952
-4.204119328950089
-4.190289989052228
-4.176460649154365
-4.162631309256502
-4.148801969358641
-4.134972629460779
-4.121143289562917
-4.107313949665055
-4.093484609767192
-4.07965526986933
-4.065825929971468
-4.051996590073606
-4.038167250175744
-4.024337910277882
-4.010508570380019
-3.9966792304821572
-3.9828498905842955
-3.969020550686433
-3.9551912107885707
-3.941361870890709
-3.9275325309928464
-3.9137031910949847
-3.8998738511971225
-3.8860445112992603
-3.872215171401398
-3.858385831503536
-3.8445564916056743
-3.8307271517078116
-3.8168978118099495
-3.8030684719120877
-3.7892391320142256
-3.7754097921163634
-3.7615804522185012
-3.747751112320639
-3.7339217724227765
-3.7200924325249147
-3.7062630926270526
-3.6924337527291904
-3.678604412831328
-3.6647750729334656
-3.650945733035604
-3.6371163931377417
-3.62328705323988
-3.6094577133420174
-3.595628373444155
-3.5817990335462935
-3.567969693648431
-3.554140353750569
-3.540311013852707
-3.5264816739548444
-3.5126523340569826
-3.4988229941591205
-3.4849936542612587
-3.471164314363396
-3.457334974465534
-3.4435056345676722
-3.4296762946698096
-3.415846954771948
-3.4020176148740857
-3.388188274976223
-3.3743589350783614
-3.3605295951804988
-3.3467002552826375
-3.332870915384775
-3.3190415754869127
-3.30521223558905
-3.2913828956911884
-3.2775535557933266
-3.263724215895464
-3.249894875997602
-3.2360655360997397
-3.222236196201878
-3.208406856304016
-3.1945775164061536
-3.1807481765082914
-3.166918836610429
-3.153089496712567
-3.1392601568147054
-3.1254308169168428
-3.1116014770189806
-3.0977721371211184
-3.0839427972232563
-3.0701134573253945
-3.0562841174275324
-3.04245477752967
-3.0286254376318076
-3.014796097733946
-3.000966757836084
-2.9871374179382215
-2.9733080780403593
-2.9594787381424967
-2.945649398244635
-2.9318200583467733
-2.917990718448911
-2.9041613785510485
-2.8903320386531863
-2.8765026987553246
-2.862673358857462
-2.8488440189596003
-2.835014679061738
-2.8211853391638755
-2.8073559992660138
-2.7935266593681516
-2.7796973194702894
-2.7658679795724272
-2.752038639674565
-2.7382092997767025
-2.7243799598788407
-2.710550619980979
-2.6967212800831164
-2.6828919401852542
-2.669062600287392
-2.6552332603895303
-2.641403920491668
-2.627574580593806
-2.613745240695944
-2.599915900798081
-2.5860865609002195
-2.5722572210023578
-2.558427881104495
-2.544598541206633
-2.530769201308771
-2.5169398614109086
-2.503110521513047
-2.4892811816151847
-2.475451841717322
-2.46162250181946
-2.4477931619215982
-2.4339638220237365
-2.420134482125874
-2.4063051422280117
-2.3924758023301496
-2.3786464624322874
-2.3648171225344257
-2.3509877826365635
-2.337158442738701
-2.3233291028408387
-2.309499762942977
-2.2956704230451144
-2.2818410831472526
-2.2680117432493905
-2.254182403351528
-2.240353063453666
-2.226523723555804
-2.2126943836579422
-2.1988650437600796
-2.1850357038622175
-2.1712063639643557
-2.157377024066493
-2.1435476841686314
-2.129718344270769
-2.1158890043729066
-2.102059664475045
-2.0882303245771827
-2.07440098467932
-2.0605716447814584
-2.046742304883596
-2.0329129649857345
-2.019083625087872
-2.0052542851900093
-1.9914249452921478
-1.9775956053942854
-1.9637662654964234
-1.9499369255985612
-1.936107585700699
-1.9222782458028371
-1.9084489059049747
-1.894619566007113
-1.8807902261092506
-1.8669608862113882
-1.8531315463135265
-1.839302206415664
-1.8254728665178022
-1.8116435266199398
-1.7978141867220776
-1.7839848468242157
-1.7701555069263535
-1.756326167028491
-1.7424968271306294
-1.728667487232767
-1.7148381473349052
-1.7010088074370429
-1.6871794675391805
-1.6733501276413185
-1.6595207877434563
-1.6456914478455944
-1.631862107947732
-1.6180327680498698
-1.604203428152008
-1.5903740882541457
-1.5765447483562838
-1.5627154084584214
-1.5488860685605592
-1.5350567286626973
-1.5212273887648349
-1.5073980488669732
-1.4935687089691108
-1.4797393690712484
-1.4659100291733866
-1.4520806892755243
-1.4382513493776619
-1.4244220094798001
-1.4105926695819377
-1.396763329684076
-1.3829339897862136
-1.3691046498883512
-1.3552753099904895
-1.3414459700926271
-1.3276166301947654
-1.313787290296903
-1.2999579503990408
-1.2861286105011789
-1.2722992706033165
-1.2584699307054545
-1.2446405908075924
-1.23081125090973
-1.2169819110118683
-1.2031525711140059
-1.1893232312161435
-1.1754938913182817
-1.1616645514204194
-1.1478352115225574
-1.1340058716246952
-1.1201765317268328
-1.1063471918289711
-1.0925178519311087
-1.0786885120332468
-1.0648591721353846
-1.0510298322375222
-1.0372004923396605
-1.023371152441798
-1.0095418125439362
-0.9957124726460738
-0.9818831327482115
-0.9680537928503498
-0.9542244529524875
-0.9403951130546256
-0.9265657731567633
-0.9127364332589009
-0.898907093361039
-0.8850777534631767
-0.8712484135653144
-0.8574190736674525
-0.8435897337695902
-0.8297603938717283
-0.8159310539738661
-0.8021017140760037
-0.7882723741781419
-0.7744430342802796
-0.7606136943824178
-0.7467843544845555
-0.732955014586693
-0.7191256746888313
-0.7052963347909689
-0.691466994893107
-0.6776376549952448
-0.6638083150973824
-0.6499789751995205
-0.6361496353016581
-0.622320295403796
-0.608490955505934
-0.5946616156080717
-0.5808322757102099
-0.5670029358123475
-0.5531735959144853
-0.5393442560166234
-0.525514916118761
-0.5116855762208992
-0.49785623632303705
-0.4840268964251746
-0.47019755652731277
-0.4563682166294505
-0.44253887673158865
-0.42870953683372626
-0.41488019693586403
-0.40105085703800214
-0.38722151714013975
-0.373392177242278
-0.35956283734441563
-0.3457334974465533
-0.3319041575486914
-0.3180748176508292
-0.30424547775296673
-0.2904161378551049
-0.27658679795724256
-0.2627574580593808
-0.2489281181615184
-0.23509877826365605
-0.2212694383657943
-0.20744009846793193
-0.19361075857007012
-0.1797814186722078
-0.1659520787743455
-0.15212273887648362
-0.1382933989786213
-0.12446405908075954
-0.11063471918289716
-0.09680537928503477
-0.08297603938717302
-0.06914669948931071
-0.055317359591448866
-0.04148801969358653
-0.02765867979572418
-0.013829339897862288
0.0
0.013829339897862336
0.027658679795724617
0.04148801969358592
0.05531735959144827
0.06914669948931074
0.08297603938717307
0.09680537928503542
0.1106347191828967
0.12446405908075892
0.13829339897862128
0.15212273887648367
0.16595207877434595
0.1797814186722072
0.1936107585700697
0.20744009846793196
0.22126943836579435
0.23509877826365672
0.2489281181615179
0.26275745805938033
0.27658679795724267
0.29041613785510495
0.3042454777529673
0.3180748176508287
0.3319041575486909
0.3457334974465533
0.3595628373444157
0.37339217724227797
0.38722151714013925
0.4010508570380016
0.41488019693586387
0.42870953683372626
0.4425388767315886
0.45636821662945093
0.4701975565273122
0.48402689642517455
0.497856236323037
0.5116855762208994
0.5255149161187616
0.5393442560166228
0.5531735959144852
0.5670029358123476
0.58083227571021
0.5946616156080723
0.6084909555059336
0.622320295403796
0.6361496353016582
0.6499789751995205
0.6638083150973829
0.6776376549952443
0.6914669948931066
0.7052963347909688
0.7191256746888313
0.7329550145866935
0.7467843544845548
0.7606136943824173
0.7744430342802796
0.7882723741781418
0.8021017140760043
0.8159310539738656
0.8297603938717278
0.8435897337695902
0.8574190736674525
0.8712484135653149
0.8850777534631761
0.8989070933610385
0.9127364332589009
0.9265657731567633
0.9403951130546254
0.9542244529524868
0.9680537928503492
0.9818831327482115
0.9957124726460739
1.0095418125439362
1.0233711524417985
1.0372004923396598
1.0510298322375222
1.0648591721353844
1.0786885120332468
1.0925178519311092
1.1063471918289705
1.1201765317268328
1.1340058716246952
1.1478352115225576
1.16166455142042
1.175493891318281
1.1893232312161435
1.2031525711140059
1.2169819110118683
1.2308112509097304
1.244640590807592
1.258469930705454
1.2722992706033165
1.2861286105011789
1.2999579503990413
1.3137872902969026
1.3276166301947647
1.3414459700926271
1.3552753099904895
1.369104649888352
1.3829339897862132
1.3967633296840756
1.4105926695819377
1.4244220094798001
1.4382513493776625
1.4520806892755238
1.4659100291733862
1.4797393690712484
1.4935687089691108
1.5073980488669732
1.5212273887648344
1.5350567286626968
1.5488860685605592
1.5627154084584214
1.5765447483562838
1.590374088254145
1.6042034281520074
1.6180327680498696
1.631862107947732
1.6456914478455946
1.6595207877434568
1.673350127641318
1.6871794675391805
1.7010088074370426
1.714838147334905
1.7286674872327674
1.7424968271306287
1.756326167028491
1.7701555069263535
1.7839848468242159
1.797814186722078
1.8116435266199393
1.8254728665178017
1.839302206415664
1.8531315463135265
1.8669608862113887
1.88079022610925
1.8946195660071123
1.9084489059049747
1.9222782458028371
1.9361075857006995
1.9499369255985608
1.9637662654964232
1.9775956053942854
1.9914249452921478
2.00525428519001
2.0190836250878714
2.0329129649857336
2.046742304883596
2.0605716447814584
2.0744009846793205
2.088230324577182
2.1020596644750444
2.1158890043729066
2.129718344270769
2.1435476841686314
2.1573770240664927
2.1712063639643553
2.1850357038622175
2.1988650437600796
2.212694383657942
2.2265237235558044
2.2403530634536657
2.254182403351528
2.2680117432493905
2.2818410831472526
2.295670423045115
2.3094997629429765
2.3233291028408387
2.337158442738701
2.3509877826365635
2.3648171225344257
2.378646462432287
2.392475802330149
2.4063051422280117
2.420134482125874
2.4339638220237365
2.447793161921598
2.46162250181946
2.475451841717322
2.4892811816151847
2.503110521513047
2.516939861410908
2.530769201308771
2.544598541206633
2.558427881104495
2.5722572210023578
2.586086560900219
2.599915900798081
2.613745240695944
2.627574580593806
2.641403920491668
2.6552332603895294
2.669062600287392
2.6828919401852542
2.696721280083117
2.710550619980979
2.7243799598788403
2.7382092997767025
2.752038639674565
2.7658679795724272
2.7796973194702894
2.793526659368152
2.8073559992660133
2.8211853391638755
2.8350146790617377
2.8488440189596003
2.8626733588574624
2.8765026987553237
2.8903320386531863
2.9041613785510485
2.917990718448911
2.9318200583467733
2.9456493982446346
2.959478738142497
2.9733080780403593
2.9871374179382215
3.0009667578360837
3.0147960977339454
3.0286254376318076
3.04245477752967
3.0562841174275324
3.0701134573253945
3.083942797223256
3.097772137121118
3.1116014770189806
3.1254308169168428
3.1392601568147054
3.1530894967125667
3.166918836610429
3.180748176508291
3.1945775164061536
3.208406856304016
3.222236196201877
3.2360655360997397
3.249894875997602
3.263724215895464
3.2775535557933266
3.291382895691188
3.30521223558905
3.3190415754869127
3.332870915384775
3.346700255282637
3.3605295951804997
3.374358935078361
3.388188274976223
3.4020176148740857
3.415846954771948
3.42967629466981
3.443505634567672
3.457334974465534
3.471164314363396
3.4849936542612583
3.498822994159121
3.512652334056982
3.5264816739548444
3.540311013852707
3.554140353750569
3.5679696936484313
3.581799033546293
3.595628373444155
3.6094577133420174
3.62328705323988
3.637116393137742
3.6509457330356034
3.6647750729334656
3.678604412831328
3.6924337527291904
3.706263092627053
3.7200924325249143
3.7339217724227765
3.747751112320639
3.7615804522185012
3.7754097921163634
3.7892391320142247
3.8030684719120873
3.8168978118099495
3.8307271517078116
3.8445564916056743
3.8583858315035355
3.8722151714013977
3.8860445112992603
3.8998738511971225
3.9137031910949847
3.927532530992846
3.9413618708907086
3.9551912107885707
3.969020550686433
3.9828498905842955
3.9966792304821577
4.010508570380019
4.024337910277882
4.038167250175744
4.051996590073606
4.065825929971468
4.07965526986933
4.093484609767192
4.107313949665055
4.121143289562917
4.134972629460779
4.14880196935864
4.162631309256502
4.176460649154365
4.190289989052228
4.20411932895009
4.217948668847951
4.231778008745813
4.245607348643675
4.259436688541538
4.273266028439401
4.287095368337262
4.300924708235124
4.314754048132986
4.328583388030848
4.342412727928711
4.356242067826573
4.370071407724435
4.383900747622297
4.397730087520159
4.411559427418021
4.425388767315883
4.439218107213745
4.453047447111608
4.46687678700947
4.480706126907332
4.494535466805194
4.508364806703056
4.522194146600919
4.536023486498781
4.549852826396643
4.563682166294505
4.577511506192367
4.591340846090229
4.605170185988092
4.618999525885953
4.632828865783816
4.646658205681677
4.6604875455795405
4.674316885477402
4.688146225375263
4.701975565273127
4.715804905170988
4.729634245068851
4.743463584966713
4.757292924864574
4.771122264762437
4.784951604660299
4.798780944558162
4.8126102844560235
4.826439624353885
4.840268964251748
4.854098304149609
4.867927644047473
4.881756983945334
4.895586323843196
4.909415663741059
4.92324500363892
4.937074343536783
4.950903683434644
4.964733023332506
4.9785623632303695
4.992391703128231
5.006221043026094
5.020050382923955
5.033879722821816
5.04770906271968
5.061538402617542
5.075367742515405
5.089197082413266
5.103026422311127
5.11685576220899
5.130685102106852
5.1445144420047155
5.158343781902577
5.172173121800438
5.186002461698301
5.199831801596162
5.213661141494026
5.227490481391888
5.241319821289749
5.255149161187612
5.268978501085473
5.282807840983336
5.296637180881198
5.310466520779059
5.324295860676923
5.338125200574784
5.351954540472647
5.3657838803705085
5.37961322026837
5.393442560166234
5.407271900064095
5.421101239961958
5.434930579859819
5.448759919757682
5.462589259655544
5.476418599553405
5.490247939451269
5.50407727934913
5.517906619246993
5.5317359591448545
5.545565299042716
5.559394638940579
5.573223978838441
5.587053318736304
5.600882658634165
5.614711998532027
5.62854133842989
5.642370678327751
5.656200018225615
5.670029358123476
5.6838586980213375
5.6976880379192005
5.711517377817062
5.725346717714925
5.739176057612786
5.753005397510647
5.766834737408511
5.780664077306373
5.794493417204236
5.808322757102097
5.822152096999958
5.835981436897822
5.8498107767956835
5.863640116693547
5.877469456591408
5.891298796489269
5.905128136387132
5.9189574762849935
5.932786816182857
5.946616156080719
5.96044549597858
5.974274835876443
5.988104175774304
6.001933515672168
6.0157628555700295
6.029592195467891
6.043421535365754
6.057250875263615
6.071080215161478
6.0849095550593395
6.098738894957201
6.112568234855065
6.126397574752926
6.140226914650789
6.15405625454865
6.167885594446512
6.181714934344376
6.195544274242237
6.2093736141401
6.223202954037961
6.2370322939358225
6.2508616338336855
6.264690973731547
6.278520313629411
6.292349653527272
6.306178993425133
6.320008333322996
6.333837673220858
6.347667013118721
6.361496353016583
6.375325692914444
6.389155032812307
6.4029843727101685
6.416813712608032
6.430643052505893
6.444472392403754
6.458301732301618
6.472131072199479
6.485960412097342
6.499789751995204
6.513619091893065
6.527448431790928
6.541277771688789
6.555107111586653
6.5689364514845145
6.582765791382376
6.596595131280239
6.6104244711781
6.624253811075964
6.638083150973825
6.6519124908716885
6.66574183076955
6.679571170667411
6.693400510565274
6.707229850463135
6.721059190360999
6.734888530258861
6.748717870156722
6.762547210054585
6.776376549952446
6.790205889850309
6.804035229748171
6.817864569646033
6.831693909543896
6.845523249441757
6.85935258933962
6.873181929237481
6.887011269135343
6.900840609033207
6.914669948931068
6.928499288828931
6.942328628726792
6.9561579686246535
6.969987308522517
6.983816648420379
6.997645988318242
7.011475328216103
7.025304668113964
7.039134008011827
7.052963347909689
7.066792687807553
7.080622027705414
7.094451367603275
7.108280707501138
7.1221100473989996
7.1359393872968635
7.149768727194724
7.163598067092586
7.177427406990449
7.19125674688831
7.2050860867861735
7.218915426684035
7.232744766581896
7.24657410647976
7.260403446377621
7.274232786275484
7.288062126173346
7.301891466071207
7.31572080596907
7.329550145866932
7.343379485764795
7.357208825662656
7.371038165560518
7.384867505458381
7.398696845356242
7.412526185254106
7.426355525151967
7.440184865049829
7.454014204947692
7.467843544845553
7.481672884743416
7.495502224641277
7.509331564539139
7.5231609044370025
7.536990244334864
7.550819584232727
7.564648924130588
7.578478264028449
7.592307603926313
7.606136943824175
7.619966283722038
7.633795623619899
7.64762496351776
7.661454303415623
7.675283643313485
7.6891129832113485
7.70294232310921
7.716771663007071
7.730601002904934
7.744430342802795
7.7582596827006585
7.772089022598521
7.785918362496382
7.799747702394245
7.813577042292106
7.827406382189969
7.841235722087831
7.8550650619856945
7.868894401883556
7.882723741781417
7.89655308167928
7.910382421577141
7.924211761475005
7.938041101372866
7.951870441270727
7.965699781168591
7.979529121066452
7.993358460964315
8.007187800862177
8.021017140760039
8.034846480657901
8.048675820555763
8.062505160453625
8.076334500351487
8.09016384024935
8.103993180147212
8.117822520045074
8.131651859942936
8.145481199840798
8.159310539738659
8.173139879636523
8.186969219534385
8.200798559432247
8.21462789933011
8.22845723922797
8.242286579125834
8.256115919023696
8.269945258921558
8.28377459881942
8.29760393871728
8.311433278615144
8.325262618513005
8.339091958410869
8.35292129830873
8.366750638206591
8.380579978104455
8.394409318002316
8.40823865790018
8.422067997798042
8.435897337695902
8.449726677593766
8.463556017491626
8.47738535738949
8.49121469728735
8.505044037185213
8.518873377083077
8.532702716980937
8.546532056878801
8.560361396776662
8.574190736674524
8.588020076572386
8.601849416470248
8.615678756368112
8.629508096265972
8.643337436163835
8.657166776061697
8.670996115959559
8.684825455857423
8.698654795755283
8.712484135653146
8.726313475551008
8.74014281544887
8.753972155346732
8.767801495244594
8.781630835142456
8.795460175040319
8.80928951493818
8.823118854836043
8.836948194733905
8.850777534631765
8.86460687452963
8.878436214427492
8.892265554325354
8.906094894223216
8.919924234121076
8.93375357401894
8.9475829139168
8.961412253814665
8.975241593712527
8.989070933610389
9.002900273508251
9.016729613406111
9.030558953303975
9.044388293201836
9.0582176330997
9.072046972997562
9.085876312895422
9.099705652793286
9.113534992691147
9.12736433258901
9.141193672486873
9.155023012384733
9.168852352282597
9.182681692180457
9.196511032078321
9.210340371976184