-6.907755278982137
-6.892314890122879
-6.876874501263622
-6.861434112404365
-6.8459937235451065
-6.830553334685849
-6.815112945826591
-6.799672556967333
-6.784232168108076
-6.768791779248819
-6.753351390389561
-6.7379110015303025
-6.722470612671045
-6.707030223811787
-6.691589834952531
-6.676149446093273
-6.660709057234015
-6.645268668374757
-6.6298282795154995
-6.614387890656242
-6.598947501796984
-6.583507112937727
-6.568066724078469
-6.552626335219211
-6.537185946359954
-6.521745557500696
-6.506305168641439
-6.49086477978218
-6.475424390922923
-6.459984002063666
-6.4445436132044085
-6.42910322434515
-6.413662835485892
-6.398222446626635
-6.382782057767378
-6.36734166890812
-6.351901280048862
-6.3364608911896045
-6.321020502330347
-6.30558011347109
-6.290139724611832
-6.274699335752574
-6.259258946893317
-6.243818558034058
-6.228378169174801
-6.212937780315544
-6.197497391456286
-6.182057002597028
-6.16661661373777
-6.151176224878514
-6.135735836019256
-6.1202954471599975
-6.10485505830074
-6.089414669441482
-6.073974280582225
-6.058533891722967
-6.04309350286371
-6.027653114004452
-6.0122127251451944
-5.996772336285936
-5.981331947426679
-5.965891558567422
-5.950451169708164
-5.935010780848906
-5.919570391989648
-5.904130003130391
-5.888689614271134
-5.873249225411875
-5.857808836552618
-5.84236844769336
-5.8269280588341035
-5.811487669974845
-5.796047281115587
-5.78060689225633
-5.765166503397072
-5.749726114537814
-5.734285725678557
-5.7188453368192995
-5.703404947960042
-5.6879645591007835
-5.672524170241527
-5.657083781382269
-5.641643392523012
-5.626203003663753
-5.610762614804496
-5.595322225945238
-5.579881837085981
-5.564441448226723
-5.549001059367465
-5.533560670508208
-5.518120281648951
-5.502679892789693
-5.487239503930435
-5.471799115071177
-5.45635872621192
-5.440918337352661
-5.425477948493404
-5.410037559634147
-5.394597170774889
-5.379156781915631
-5.363716393056373
-5.348276004197117
-5.332835615337859
-5.317395226478601
-5.301954837619343
-5.2865144487600855
-5.271074059900827
-5.25563367104157
-5.240193282182313
-5.224752893323055
-5.209312504463798
-5.19387211560454
-5.178431726745282
-5.162991337886025
-5.147550949026767
-5.132110560167509
-5.116670171308251
-5.101229782448994
-5.085789393589737
-5.0703490047304784
-5.054908615871221
-5.039468227011964
-5.024027838152707
-5.008587449293448
-4.9931470604341905
-4.977706671574933
-4.9622662827156745
-4.946825893856417
-4.93138550499716
-4.915945116137903
-4.900504727278645
-4.885064338419387
-4.86962394956013
-4.854183560700872
-4.838743171841615
-4.823302782982356
-4.807862394123099
-4.792422005263841
-4.776981616404584
-4.761541227545326
-4.746100838686068
-4.730660449826811
-4.715220060967554
-4.699779672108296
-4.684339283249038
-4.6688988943897805
-4.653458505530523
-4.638018116671264
-4.622577727812007
-4.60713733895275
-4.5916969500934925
-4.576256561234234
-4.5608161723749765
-4.545375783515719
-4.529935394656462
-4.514495005797204
-4.499054616937946
-4.483614228078689
-4.468173839219431
-4.452733450360173
-4.437293061500916
-4.421852672641658
-4.406412283782401
-4.390971894923143
-4.3755315060638855
-4.360091117204628
-4.3446507283453695
-4.329210339486113
-4.313769950626855
-4.298329561767597
-4.282889172908339
-4.267448784049082
-4.252008395189825
-4.236568006330566
-4.221127617471309
-4.205687228612051
-4.190246839752794
-4.174806450893536
-4.1593660620342785
-4.143925673175021
-4.128485284315763
-4.113044895456506
-4.097604506597247
-4.082164117737991
-4.066723728878733
-4.051283340019475
-4.035842951160218
-4.020402562300959
-4.004962173441702
-3.9895217845824447
-3.9740813957231866
-3.9586410068639295
-3.9432006180046715
-3.927760229145414
-3.9123198402861563
-3.8968794514268987
-3.881439062567641
-3.8659986737083836
-3.850558284849126
-3.835117895989868
-3.8196775071306104
-3.804237118271353
-3.788796729412095
-3.773356340552838
-3.75791595169358
-3.742475562834322
-3.727035173975065
-3.711594785115807
-3.6961543962565493
-3.6807140073972917
-3.665273618538034
-3.6498332296787765
-3.634392840819519
-3.618952451960261
-3.603512063101004
-3.588071674241746
-3.5726312853824886
-3.5571908965232306
-3.541750507663973
-3.5263101188047155
-3.510869729945458
-3.4954293410862
-3.4799889522269427
-3.4645485633676847
-3.4491081745084275
-3.4336677856491695
-3.418227396789912
-3.4027870079306544
-3.387346619071397
-3.371906230212139
-3.3564658413528816
-3.3410254524936236
-3.3255850636343665
-3.3101446747751084
-3.294704285915851
-3.2792638970565933
-3.2638235081973357
-3.248383119338078
-3.2329427304788205
-3.2175023416195625
-3.2020619527603054
-3.1866215639010473
-3.17118117504179
-3.155740786182532
-3.1403003973232746
-3.124860008464017
-3.1094196196047594
-3.093979230745502
-3.0785388418862443
-3.0630984530269862
-3.047658064167729
-3.032217675308471
-3.0167772864492135
-3.001336897589956
-2.9858965087306983
-2.9704561198714408
-2.955015731012183
-2.939575342152925
-2.924134953293668
-2.90869456443441
-2.893254175575153
-2.877813786715895
-2.8623733978566372
-2.8469330089973797
-2.831492620138122
-2.816052231278864
-2.800611842419607
-2.785171453560349
-2.7697310647010918
-2.7542906758418337
-2.738850286982576
-2.7234098981233186
-2.7079695092640605
-2.6925291204048034
-2.677088731545546
-2.661648342686288
-2.6462079538270307
-2.6307675649677726
-2.6153271761085155
-2.5998867872492575
-2.5844463983899995
-2.5690060095307423
-2.5535656206714847
-2.5381252318122267
-2.5226848429529696
-2.5072444540937115
-2.4918040652344544
-2.4763636763751964
-2.4609232875159384
-2.4454828986566812
-2.430042509797423
-2.414602120938166
-2.399161732078908
-2.3837213432196505
-2.3682809543603933
-2.3528405655011353
-2.3374001766418777
-2.32195978778262
-2.3065193989233626
-2.291079010064105
-2.275638621204847
-2.2601982323455894
-2.244757843486332
-2.2293174546270746
-2.213877065767817
-2.198436676908559
-2.182996288049301
-2.1675558991900434
-2.1521155103307867
-2.1366751214715287
-2.1212347326122707
-2.105794343753013
-2.090353954893755
-2.0749135660344984
-2.059473177175241
-2.044032788315983
-2.0285923994567248
-2.013152010597467
-1.9977116217382094
-1.9822712328789525
-1.9668308440196947
-1.9513904551604369
-1.9359500663011788
-1.920509677441921
-1.9050692885826643
-1.8896288997234065
-1.8741885108641487
-1.858748122004891
-1.8433077331456331
-1.8278673442863762
-1.8124269554271184
-1.7969865665678606
-1.7815461777086028
-1.766105788849345
-1.750665399990088
-1.7352250111308303
-1.7197846222715725
-1.7043442334123147
-1.6889038445530569
-1.6734634556938
-1.6580230668345421
-1.6425826779752843
-1.6271422891160263
-1.6117019002567687
-1.5962615113975118
-1.580821122538254
-1.5653807336789962
-1.5499403448197384
-1.5344999559604804
-1.5190595671012226
-1.503619178241966
-1.488178789382708
-1.4727384005234503
-1.4572980116641925
-1.4418576228049345
-1.4264172339456778
-1.41097684508642
-1.3955364562271622
-1.3800960673679044
-1.3646556785086466
-1.3492152896493896
-1.3337749007901318
-1.318334511930874
-1.3028941230716162
-1.2874537342123584
-1.2720133453531015
-1.2565729564938437
-1.241132567634586
-1.2256921787753279
-1.2102517899160703
-1.1948114010568134
-1.1793710121975554
-1.1639306233382978
-1.1484902344790398
-1.133049845619782
-1.1176094567605253
-1.1021690679012675
-1.0867286790420094
-1.0712882901827516
-1.0558479013234938
-1.040407512464236
-1.0249671236049793
-1.0095267347457215
-0.9940863458864637
-0.9786459570272058
-0.9632055681679479
-0.9477651793086912
-0.9323247904494333
-0.9168844015901755
-0.9014440127309177
-0.8860036238716598
-0.8705632350124031
-0.8551228461531452
-0.8396824572938874
-0.8242420684346295
-0.8088016795753717
-0.7933612907161148
-0.777920901856857
-0.7624805129975992
-0.7470401241383414
-0.7315997352790836
-0.7161593464198267
-0.7007189575605689
-0.6852785687013111
-0.6698381798420532
-0.6543977909827954
-0.6389574021235386
-0.6235170132642807
-0.608076624405023
-0.592636235545765
-0.5771958466865073
-0.5617554578272494
-0.5463150689679926
-0.5308746801087348
-0.5154342912494769
-0.4999939023902191
-0.4845535135309613
-0.4691131246717045
-0.45367273581244677
-0.43823234695318886
-0.4227919580939311
-0.4073515692346732
-0.39191118037541645
-0.3764707915161586
-0.36103040265690073
-0.34559001379764287
-0.33014962493838507
-0.3147092360791284
-0.2992688472198704
-0.28382845836061266
-0.2683880695013548
-0.2529476806420969
-0.2375072917828402
-0.22206690292358233
-0.20662651406432447
-0.19118612520506661
-0.1757457363458088
-0.160305347486551
-0.14486495862729415
-0.12942456976803635
-0.11398418090877856
-0.0985437920495207
-0.08310340319026292
-0.06766301433100609
-0.05222262547174826
-0.03678223661249041
-0.0213418477532326
-0.005901458893974775
0.009538929965282163
0.024979318824539843
0.04041970768379779
0.055860096543055536
0.07130048540231342
0.08674087426157026
0.102181263120828
0.11762165198008591
0.13306204083934367
0.14850242969860158
0.1639428185578584
0.17938320741711614
0.1948235962763739
0.21026398513563185
0.22570437399488957
0.24114476285414643
0.25658515171340424
0.27202554057266215
0.2874659294319199
0.3029063182911777
0.31834670715043567
0.33378709600969236
0.3492274848689502
0.364667873728208
0.3801082625874659
0.3955486514467237
0.41098904030598055
0.42642942916523835
0.44186981802449615
0.4573102068837541
0.47275059574301187
0.48819098460226873
0.5036313734615264
0.5190717623207843
0.5345121511800421
0.5499525400393
0.5653929288985569
0.5808333177578145
0.5962737066170725
0.6117140954763303
0.6271544843355881
0.642594873194845
0.6580352620541027
0.6734756509133606
0.6889160397726184
0.7043564286318763
0.7197968174911331
0.7352372063503908
0.7506775952096488
0.7661179840689065
0.7815583729281644
0.7969987617874223
0.8124391506466792
0.8278795395059368
0.8433199283651948
0.8587603172244526
0.8742007060837105
0.8896410949429672
0.905081483802225
0.9205218726614828
0.9359622615207407
0.9514026503799985
0.9668430392392554
0.9822834280985131
0.997723816957771
1.013164205817029
1.0286045946762865
1.0440449835355434
1.0594853723948012
1.0749257612540593
1.0903661501133168
1.1058065389725746
1.1212469278318316
1.1366873166910894
1.1521277055503472
1.167568094409605
1.183008483268863
1.1984488721281197
1.2138892609873775
1.2293296498466353
1.244770038705893
1.2602104275651511
1.275650816424409
1.2910912052836656
1.3065315941429234
1.3219719830021812
1.3374123718614392
1.352852760720697
1.3682931495799537
1.3837335384392115
1.3991739272984696
1.4146143161577274
1.4300547050169852
1.4454950938762419
1.4609354827354997
1.4763758715947575
1.4918162604540153
1.507256649313273
1.52269703817253
1.5381374270317878
1.5535778158910456
1.5690182047503036
1.5844585936095614
1.5998989824688181
1.6153393713280761
1.630779760187334
1.6462201490465918
1.6616605379058496
1.6771009267651062
1.6925413156243643
1.7079817044836219
1.7234220933428797
1.7388624822021377
1.7543028710613955
1.7697432599206524
1.7851836487799102
1.800624037639168
1.8160644264984256
1.8315048153576836
1.8469452042169403
1.8623855930761983
1.8778259819354561
1.893266370794714
1.9087067596539717
1.9241471485132284
1.9395875373724862
1.9550279262317443
1.970468315091002
1.9859087039502599
2.001349092809517
2.0167894816687744
2.0322298705280324
2.04767025938729
2.063110648246548
2.0785510371058047
2.0939914259650627
2.1094318148243203
2.1248722036835783
2.1403125925428363
2.155752981402093
2.1711933702613506
2.1866337591206086
2.2020741479798667
2.2175145368391243
2.2329549256983823
2.248395314557639
2.2638357034168965
2.2792760922761546
2.294716481135412
2.3101568699946693
2.325597258853927
2.341037647713185
2.3564780365724425
2.3719184254317005
2.3873588142909585
2.402799203150216
2.418239592009474
2.4336799808687317
2.4491203697279875
2.4645607585872455
2.480001147446503
2.495441536305761
2.5108819251650187
2.5263223140242768
2.5417627028835343
2.5572030917427924
2.5726434806020504
2.588083869461308
2.6035242583205638
2.618964647179822
2.6344050360390794
2.6498454248983374
2.665285813757595
2.680726202616853
2.696166591476111
2.7116069803353686
2.7270473691946266
2.7424877580538842
2.75792814691314
2.773368535772398
2.7888089246316556
2.8042493134909137
2.8196897023501712
2.8351300912094293
2.850570480068687
2.866010868927945
2.8814512577872025
2.8968916466464605
2.9123320355057185
2.9277724243649743
2.943212813224232
2.95865320208349
2.9740935909427475
2.9895339798020055
3.0049743686612636
3.020414757520521
3.035855146379779
3.0512955352390367
3.0667359240982948
3.0821763129575506
3.097616701816808
3.113057090676066
3.128497479535324
3.143937868394582
3.1593782572538394
3.1748186461130974
3.1902590349723554
3.205699423831613
3.221139812690871
3.236580201550127
3.2520205904093844
3.2674609792686424
3.2829013681279005
3.298341756987158
3.3137821458464156
3.3292225347056736
3.3446629235649317
3.3601033124241892
3.3755437012834473
3.3909840901427053
3.4064244790019607
3.4218648678612187
3.4373052567204763
3.4527456455797343
3.468186034438992
3.48362642329825
3.499066812157508
3.5145072010167655
3.5299475898760235
3.5453879787352816
3.560828367594537
3.576268756453795
3.591709145313053
3.6071495341723105
3.622589923031568
3.638030311890826
3.653470700750084
3.6689110896093418
3.6843514784686
3.6997918673278574
3.7152322561871136
3.730672645046371
3.7461130339056288
3.761553422764887
3.776993811624145
3.7924342004834024
3.8078745893426604
3.823314978201918
3.838755367061176
3.8541957559204336
3.8696361447796916
3.8850765336389474
3.9005169224982055
3.915957311357463
3.931397700216721
3.9468380890759787
3.9622784779352367
3.9777188667944943
3.9931592556537523
4.00859964451301
4.024040033372268
4.039480422231524
4.054920811090781
4.070361199950039
4.085801588809297
4.101241977668555
4.1166823665278125
4.132122755387071
4.1475631442463285
4.163003533105586
4.178443921964845
4.1938843108241
4.209324699683358
4.224765088542616
4.240205477401873
4.255645866261132
4.271086255120389
4.286526643979647
4.301967032838904
4.317407421698163
4.33284781055742
4.348288199416678
4.363728588275934
4.379168977135192
4.39460936599445
4.410049754853707
4.425490143712965
4.4409305325722235
4.456370921431481
4.471811310290739
4.487251699149997
4.502692088009255
4.5181324768685105
4.533572865727768
4.549013254587026
4.564453643446284
4.579894032305542
4.595334421164799
4.610774810024057
4.626215198883315
4.641655587742573
4.6570959766018305
4.672536365461086
4.687976754320345
4.703417143179602
4.71885753203886
4.7342979208981175
4.749738309757376
4.765178698616634
4.780619087475891
4.79605947633515
4.811499865194407
4.826940254053665
4.842380642912921
4.857821031772178
4.873261420631437
4.888701809490694
4.904142198349952
4.919582587209209
4.935022976068468
4.950463364927725
4.965903753786983
4.9813441426462415
4.996784531505497
5.012224920364755
5.0276653092240124
5.04310569808327
5.0585460869425285
5.073986475801786
5.089426864661044
5.104867253520301
5.12030764237956
5.135748031238817
5.151188420098073
5.166628808957331
5.182069197816589
5.197509586675847
5.212949975535104
5.228390364394363
5.24383075325362
5.259271142112878
5.2747115309721355
5.290151919831394
5.305592308690652
5.321032697549907
5.336473086409165
5.3519134752684225
5.367353864127681
5.382794252986939
5.398234641846196
5.413675030705455
5.429115419564712
5.44455580842397
5.459996197283227
5.475436586142483
5.490876975001742
5.506317363860999
5.521757752720257
5.537198141579514
5.552638530438773
5.5680789192980304
5.583519308157288
5.5989596970165465
5.614400085875804
5.62984047473506
5.6452808635943175
5.660721252453575
5.6761616413128335
5.691602030172091
5.707042419031349
5.722482807890606
5.737923196749865
5.753363585609122
5.76880397446838
5.784244363327638
5.799684752186894
5.815125141046152
5.830565529905409
5.846005918764668
5.861446307623925
5.876886696483183
5.8923270853424405
5.907767474201699
5.923207863060957
5.938648251920214
5.95408864077947
5.969529029638728
5.984969418497986
6.000409807357244
6.015850196216501
6.03129058507576
6.046730973935017
6.062171362794275
6.077611751653532
6.093052140512791
6.108492529372047
6.123932918231304
6.139373307090562
6.15481369594982
6.170254084809078
6.1856944736683355
6.201134862527593
6.2165752513868515
6.232015640246109
6.247456029105367
6.262896417964624
6.278336806823881
6.2937771956831385
6.309217584542396
6.324657973401654
6.340098362260912
6.35553875112017
6.370979139979427
6.386419528838686
6.401859917697943
6.417300306557201
6.432740695416457
6.448181084275714
6.463621473134973
6.47906186199423
6.494502250853488
6.509942639712746
6.525383028572004
6.540823417431262
6.556263806290519
6.571704195149777
6.587144584009035
6.602584972868291
6.618025361727549
6.633465750586806
6.648906139446065
6.664346528305322
6.67978691716458
6.695227306023838
6.710667694883096
6.7261080837423535
6.741548472601611
6.756988861460867
6.772429250320125
6.787869639179383
6.8033100280386405
6.818750416897898
6.8341908057571565
6.849631194616414
6.865071583475672
6.88051197233493
6.895952361194188
6.911392750053444
6.926833138912701
6.942273527771959
6.957713916631217
6.973154305490475
6.988594694349732
7.004035083208991
7.019475472068248
7.034915860927506
7.050356249786764
7.065796638646022
7.081237027505278
7.096677416364535
7.112117805223793
7.127558194083051
7.142998582942309
7.158438971801567
7.173879360660824
7.189319749520083
7.20476013837934
7.220200527238598
7.235640916097854
7.251081304957111
7.26652169381637
7.281962082675627
7.297402471534885
7.312842860394142
7.328283249253401
7.3437236381126585
7.359164026971916
7.3746044158311745
7.39004480469043
7.405485193549688
7.4209255824089455
7.436365971268204
7.451806360127462
7.467246748986719
7.482687137845977
7.498127526705235
7.513567915564493
7.52900830442375
7.544448693283008
7.559889082142264
7.575329471001522
7.59076985986078
7.606210248720037
7.621650637579296
7.637091026438553
7.652531415297811
7.667971804157069
7.683412193016327
7.698852581875585
7.71429297073484
7.729733359594098
7.745173748453356
7.760614137312614
7.776054526171872
7.791494915031129
7.806935303890388
7.822375692749645
7.837816081608903
7.85325647046816
7.868696859327416
7.884137248186675
7.899577637045932
7.91501802590519
7.930458414764448
7.945898803623706
7.9613391924829635
7.976779581342221
7.99221997020148
8.007660359060736
8.023100747919996
8.038541136779251
8.053981525638509
8.069421914497767
8.084862303357024
8.100302692216282
8.11574308107554
8.131183469934797
8.146623858794056
8.162064247653314
8.177504636512571
8.192945025371827
8.208385414231085
8.223825803090342
8.2392661919496
8.254706580808858
8.270146969668117
8.285587358527374
8.301027747386632
8.31646813624589
8.331908525105147
8.347348913964403
8.36278930282366
8.378229691682918
8.393670080542178
8.409110469401435
8.424550858260693
8.43999124711995
8.455431635979208
8.470872024838465
8.486312413697723
8.50175280255698
8.517193191416236