# lnm
2.693787393536860364e+01
2.697869692080515946e+01
2.701951990624171529e+01
2.706034289167826756e+01
2.710116587711482694e+01
2.714198886255138277e+01
2.718281184798793859e+01
2.722363483342449086e+01
2.726445781886104669e+01
2.730528080429760607e+01
2.734610378973416189e+01
2.738692677517071417e+01
2.742774976060726999e+01
2.746857274604382937e+01
2.750939573148038519e+01
2.755021871691693747e+01
2.759104170235349329e+01
2.763186468779004912e+01
2.767268767322660850e+01
2.771351065866316077e+01
2.775433364409971659e+01
2.779515662953627242e+01
2.783597961497283180e+01
2.787680260040938762e+01
2.791762558584593990e+01
2.795844857128249572e+01
2.799927155671905155e+01
2.804009454215561092e+01
2.808091752759216320e+01
2.812174051302871902e+01
2.816256349846527485e+01
2.820338648390183423e+01
2.824420946933838650e+01
2.828503245477494232e+01
2.832585544021149815e+01
2.836667842564805753e+01
2.840750141108460980e+01
2.844832439652116562e+01
2.848914738195772145e+01
2.852997036739427728e+01
2.857079335283082955e+01
2.861161633826738893e+01
2.865243932370394475e+01
2.869326230914050058e+01
2.873408529457705995e+01
2.877490828001361223e+01
2.881573126545016805e+01
2.885655425088672388e+01
2.889737723632327970e+01
2.893820022175983553e+01
2.897902320719639135e+01
2.901984619263294718e+01
2.906066917806950300e+01
2.910149216350605528e+01
2.914231514894261466e+01
2.918313813437917048e+01
2.922396111981572631e+01
2.926478410525227858e+01
2.930560709068883796e+01
2.934643007612539378e+01
2.938725306156194961e+01
2.942807604699850188e+01
2.946889903243505771e+01
2.950972201787161708e+01
2.955054500330817291e+01
2.959136798874472873e+01
2.963219097418128101e+01
2.967301395961784038e+01
2.971383694505439621e+01
2.975465993049094848e+01
2.979548291592750431e+01
2.983630590136406013e+01
2.987712888680061951e+01
2.991795187223717534e+01
2.995877485767372761e+01
2.999959784311028343e+01
3.004042082854684281e+01
3.008124381398339864e+01
3.012206679941995091e+01
3.016288978485650674e+01
3.020371277029306256e+01
3.024453575572962194e+01
3.028535874116617421e+01
3.032618172660273004e+01
3.036700471203928586e+01
3.040782769747584524e+01
3.044865068291240107e+01
3.048947366834895334e+01
3.053029665378550916e+01
3.057111963922206499e+01
3.061194262465862082e+01
3.065276561009517664e+01
3.069358859553173247e+01
3.073441158096828829e+01
3.077523456640484767e+01
3.081605755184139994e+01
3.085688053727795577e+01
3.089770352271451159e+01
3.093852650815106742e+01
3.097934949358762324e+01
3.102017247902417907e+01
3.106099546446073489e+01
3.110181844989729072e+01
3.114264143533384299e+01
3.118346442077040237e+01
3.122428740620695820e+01
3.126511039164351402e+01
3.130593337708006985e+01
3.134675636251662567e+01
3.138757934795318150e+01
3.142840233338973732e+01
3.146922531882628959e+01
3.151004830426284542e+01
3.155087128969940480e+01
3.159169427513596062e+01
3.163251726057251645e+01
3.167334024600906872e+01
3.171416323144562810e+01
3.175498621688218392e+01
3.179580920231873975e+01
3.183663218775529558e+01
3.187745517319184785e+01
3.191827815862840723e+01
3.195910114406496305e+01
3.199992412950151532e+01
3.204074711493807115e+01
3.208157010037462697e+01
3.212239308581118280e+01
3.216321607124774573e+01
3.220403905668429445e+01
3.224486204212085028e+01
3.228568502755740610e+01
3.232650801299396193e+01
3.236733099843051775e+01
3.240815398386707358e+01
3.244897696930362940e+01
3.248979995474018523e+01
3.253062294017674105e+01
3.257144592561329688e+01
3.261226891104985270e+01
3.265309189648640853e+01
3.269391488192296435e+01
3.273473786735952018e+01
3.277556085279607601e+01
3.281638383823263183e+01
3.285720682366918766e+01
3.289802980910574348e+01
3.293885279454229931e+01
3.297967577997885513e+01
3.302049876541541096e+01
3.306132175085196678e+01
3.310214473628852261e+01
3.314296772172507843e+01
3.318379070716163426e+01
3.322461369259819008e+01
3.326543667803474591e+01
3.330625966347130174e+01
3.334708264890785756e+01
3.338790563434441339e+01
3.342872861978096921e+01
3.346955160521752504e+01
3.351037459065408086e+01
3.355119757609063669e+01
3.359202056152719251e+01
3.363284354696374834e+01
3.367366653240030416e+01
3.371448951783685999e+01
3.375531250327341581e+01
3.379613548870997164e+01
3.383695847414652746e+01
3.387778145958308329e+01
3.391860444501963912e+01
3.395942743045619494e+01
3.400025041589275077e+01
3.404107340132930659e+01
3.408189638676586242e+01
3.412271937220241824e+01
3.416354235763897407e+01
3.420436534307552989e+01
3.424518832851208572e+01
3.428601131394864154e+01
3.432683429938519737e+01
3.436765728482175319e+01
3.440848027025830902e+01
3.444930325569486484e+01
3.449012624113142067e+01
3.453094922656797650e+01
3.457177221200452522e+01
3.461259519744108815e+01
3.465341818287764397e+01
3.469424116831419980e+01
3.473506415375075562e+01
3.477588713918731145e+01
3.481671012462386727e+01
3.485753311006042310e+01
3.489835609549697182e+01
3.493917908093352764e+01
3.498000206637009057e+01
3.502082505180664640e+01
3.506164803724320222e+01
3.510247102267975094e+01
3.514329400811631388e+01
3.518411699355286970e+01
3.522493997898942553e+01
3.526576296442598135e+01
3.530658594986253007e+01
3.534740893529909300e+01
3.538823192073564883e+01
3.542905490617219755e+01
3.546987789160875337e+01
3.551070087704531630e+01
3.555152386248187213e+01
3.559234684791842795e+01
3.563316983335497667e+01
3.567399281879153250e+01
3.571481580422809543e+01
3.575563878966464415e+01
3.579646177510119998e+01
3.583728476053775580e+01
3.587810774597431873e+01
3.591893073141087456e+01
3.595975371684742328e+01
3.600057670228397910e+01
3.604139968772053493e+01
3.608222267315709075e+01
3.612304565859365368e+01
3.616386864403020240e+01
3.620469162946675823e+01
3.624551461490332116e+01
3.628633760033986988e+01
3.632716058577642571e+01
3.636798357121298153e+01
3.640880655664953736e+01
3.644962954208610029e+01
3.649045252752264901e+01
3.653127551295920483e+01
3.657209849839576066e+01
3.661292148383231648e+01
3.665374446926887941e+01
3.669456745470542813e+01
3.673539044014198396e+01
3.677621342557853978e+01
3.681703641101509561e+01
3.685785939645165143e+01
3.689868238188820726e+01
3.693950536732476309e+01
3.698032835276132602e+01
3.702115133819787474e+01
3.706197432363443056e+01
3.710279730907098639e+01
3.714362029450754221e+01
3.718444327994410514e+01
3.722526626538065386e+01
3.726608925081720969e+01
3.730691223625376551e+01
3.734773522169032134e+01
3.738855820712688427e+01
3.742938119256343299e+01
3.747020417799998881e+01
3.751102716343654464e+01
3.755185014887310047e+01
3.759267313430966340e+01
3.763349611974621212e+01
3.767431910518276794e+01
3.771514209061931666e+01
3.775596507605587959e+01
3.779678806149243542e+01
3.783761104692899124e+01
3.787843403236554707e+01
3.791925701780209579e+01
3.796008000323865872e+01
3.800090298867521454e+01
3.804172597411177037e+01
3.808254895954832620e+01
3.812337194498488202e+01
3.816419493042143785e+01
3.820501791585799367e+01
3.824584090129454950e+01
3.828666388673110532e+01
3.832748687216766115e+01
3.836830985760421697e+01
3.840913284304077280e+01
3.844995582847733573e+01
3.849077881391388445e+01
3.853160179935044027e+01
3.857242478478698899e+01
3.861324777022355192e+01
3.865407075566010064e+01
3.869489374109666358e+01
3.873571672653321940e+01
3.877653971196976812e+01
3.881736269740633105e+01
3.885818568284288688e+01
3.889900866827944270e+01
3.893983165371599853e+01
3.898065463915254725e+01
3.902147762458911018e+01
3.906230061002566600e+01
3.910312359546222183e+01
3.914394658089877765e+01
