0.000000000000000000e+00
7.770751774758714703e+00
1.550609861399346556e+01
2.320624203595299662e+01
3.087138198953500279e+01
3.850171687001880372e+01
4.609744353462364330e+01
5.365875731786589853e+01
6.118585204674862865e+01
6.867892005575656356e+01
7.613815220168420694e+01
8.356373787827700994e+01
9.095586503071108098e+01
9.831472016989022222e+01
1.056404883865849200e+02
1.129333533653939696e+02
1.201934973985540012e+02
1.274211013995731605e+02
1.346163449167208626e+02
1.417794061463442858e+02
1.489104619460421191e+02
1.560096878476746554e+02
1.630772580702323182e+02
1.701133455325447699e+02
1.771181218658535386e+02
1.840917574262271614e+02
1.910344213068456156e+02
1.979462813501314145e+02
2.048275041597517259e+02
2.116782551124717600e+02
2.184986983698843517e+02
2.252889968899930579e+02
2.320493124386742068e+02
2.387798056009974346e+02
2.454806357924281315e+02
2.521519612698920696e+02
2.587939391427241844e+02
2.654067253834843996e+02
2.719904748386588835e+02
2.785453412392350856e+02
2.850714772111616071e+02
2.915690342856849497e+02
2.980381629095780340e+02
3.044790124552449129e+02
3.108917312307235079e+02
3.172764664895608462e+02
3.236333644405987116e+02
3.299625702576282151e+02
3.362642280889567701e+02
3.425384810668535920e+02
3.487854713169018055e+02
3.550053399672388537e+02
3.611982271576989660e+02
3.673642720488558666e+02
3.735036128309621404e+02
3.796163867327947514e+02
3.857027300303972766e+02
3.917627780557361916e+02
3.977966652052488712e+02
4.038045249483155885e+02
4.097864898356193066e+02
4.157426915074346994e+02
4.216732607018084309e+02
4.275783272626670168e+02
4.334580201478233903e+02
4.393124674369075251e+02
4.451417963392030970e+02
4.509461332014076902e+02
4.567256035152990421e+02
4.624803319253335303e+02
4.682104422361457523e+02
4.739160574199856910e+02
4.795972996240586781e+02
4.852542901778040800e+02
4.908871496000827506e+02
4.964959976062958731e+02
5.020809531154246770e+02
5.076421342569973376e+02
5.131796583779813545e+02
5.186936420496028859e+02
5.241842010740941760e+02
5.296514504913699284e+02
5.350955045856333072e+02
5.405164768919145217e+02
5.459144802025349463e+02
5.512896265735125780e+02
5.566420273308907554e+02
5.619717930770108296e+02
5.672790336967069607e+02
5.725638583634519136e+02
5.778263755454242983e+02
5.830666930115218065e+02
5.882849178373093082e+02
5.934811564109066921e+02
5.986555144388116787e+02
6.038080969516706773e+02
6.089390083099793856e+02
6.140483522097365494e+02
6.191362316880306480e+02
6.242027491285715541e+02
6.292480062671683072e+02
6.342721041971493605e+02
6.392751433747274632e+02
6.442572236243066754e+02
6.492184441437404985e+02
6.541589035095364579e+02
6.590786996820025934e+02
6.639779300103459718e+02
6.688566912377190192e+02
6.737150795062168527e+02
6.785531903618187926e+02
6.833711187592834904e+02
6.881689590669978998e+02
6.929468050717708820e+02
6.977047499835850886e+02
7.024428864402964336e+02
7.071613065122894568e+02
7.118601017070853914e+02
7.165393629739055541e+02
7.211991807081848265e+02
7.258396447560481874e+02
7.304608444187342684e+02
7.350628684569818461e+02
7.396458050953675638e+02
7.442097420266076142e+02
7.487547664158078078e+02
7.532809649046803315e+02
7.577884236157141231e+02
7.622772281563078423e+02
7.667474636228550935e+02
7.711992146048029326e+02
7.756325651886533024e+02
7.800475989619428674e+02
7.844443990171693031e+02
7.888230484109375311e+02
7.931836283513532635e+02
7.975262209197600214e+02
8.018509072670823343e+02
8.061577680683083145e+02
8.104468835261977802e+02
8.147183356047237339e+02
8.189721991345406877e+02
8.232085551325562847e+02
8.274274819490057098e+02
8.316290574799161277e+02
8.358133591706086918e+02
8.399804647812774192e+02
8.441304493486951515e+02
8.482633897421284246e+02
8.523793616384089091e+02
8.564784402806672006e+02
8.605607004816429253e+02
8.646262189526014481e+02
8.686750650233686883e+02
8.727073145413307884e+02
8.767230406300807317e+02
8.807223159988851648e+02
8.847052129457999854e+02
8.886718033607666030e+02
8.926221597338815172e+02
8.965563511454552099e+02
9.004744492767244992e+02
9.043765244155259779e+02
9.082626464566145614e+02
9.121328849045931975e+02
9.159873088768036951e+02
9.198259871061992499e+02
9.236489903852417456e+02
9.274563818222500231e+02
9.312482314372820156e+02
9.350246064538973769e+02
9.387855737252191375e+02
9.425311997366491141e+02
9.462615506085547850e+02
9.499766920989366099e+02
9.536766896060640875e+02
9.573616090086071608e+02
9.610315133238192402e+02
9.646864677182566084e+02
9.683265361771931339e+02
9.719517823390143576e+02
9.755622694977188303e+02
9.791580606053923930e+02
9.827392182746624485e+02
9.863058047811275628e+02
9.898578846263847026e+02
9.933955143139443180e+02
9.969187576673281228e+02
1.000427675637902894e+03
1.003922328851841144e+03
1.007402777612420323e+03
1.010869081902309745e+03
1.014321301385829088e+03
1.017759495411192120e+03
1.021183723012727569e+03
1.024594042913080330e+03
1.027990514629200106e+03
1.031373194065602320e+03
1.034742140120388740e+03
1.038097410291104097e+03
1.041439061774331094e+03
1.044767151467774738e+03
1.048081735972335082e+03
1.051382871594156768e+03
1.054670614346662433e+03
1.057945019952566327e+03
1.061206143845872930e+03
1.064454041173856922e+03
1.067688769495589895e+03
1.070910378011696594e+03
1.074118923703461860e+03
1.077314460590695489e+03
1.080497042416121076e+03
1.083666722647254119e+03
1.086823554478264214e+03
1.089967590831824282e+03
1.093098884360937518e+03
1.096217487450753424e+03
1.099323452220368381e+03
1.102416830524606667e+03
1.105497673955791015e+03
1.108566033845494303e+03
1.111621962191494049e+03
1.114665507962991342e+03
1.117696722640538383e+03
1.120715656529944908e+03
1.123722359684817775e+03
1.126716881908222376e+03
1.129699272754336107e+03
1.132669581530085679e+03
1.135627857296771026e+03
1.138574148871673060e+03
1.141508504829653020e+03
1.144430973504732265e+03
1.147341602991665923e+03
1.150240441147493812e+03
1.153127535593088396e+03
1.156002936548097750e+03
1.158866685510789239e+03
1.161718832224081780e+03
1.164559423379350619e+03
1.167388505439325399e+03
1.170206124639562859e+03
1.173012326989899520e+03
1.175807158275895972e+03
1.178590664060269091e+03
1.181362889684313132e+03
1.184123880269304436e+03
1.186873680717901834e+03
1.189612335715529298e+03
1.192339889731752692e+03
1.195056387021639466e+03
1.197761871627111532e+03
1.200456387378286081e+03
1.203139977894805043e+03
1.205812687814544915e+03
1.208474557889953530e+03
1.211125632339907497e+03
1.213765953955229179e+03
1.216395565322752645e+03
1.219014508826589235e+03
1.221622826649389026e+03
1.224220560773580246e+03
1.226807752982609145e+03
1.229384444862165765e+03
1.231950677801398342e+03
1.234506492994123619e+03
1.237051931440020780e+03
1.239587033945817893e+03
1.242111841126473792e+03
1.244626393406344505e+03
1.247130731020343092e+03
1.249624894015089467e+03
1.252108922250050909e+03
1.254582855398676656e+03
1.257046732949520219e+03
1.259500597185057359e+03
1.261944481281698927e+03
1.264378427147926004e+03
1.266802473543763199e+03
1.269216659049825239e+03
1.271621022068387902e+03
1.274015600824451440e+03
1.276400433366794914e+03
1.278775557569023931e+03
1.281141011130607922e+03
1.283496831577911962e+03
1.285843056265219275e+03
1.288179722375745769e+03
1.290506866922647305e+03
1.292824526750018777e+03
1.295132738533885913e+03
1.297431538783187989e+03
1.299720963840757349e+03
1.302001049884286203e+03
1.304271832927286368e+03
1.306533348820050605e+03
1.308785633250590081e+03
1.311028721745583653e+03
1.313262649671303734e+03
1.315487453250419776e+03
1.317703165502276534e+03
1.319909822330476345e+03
1.322107458468865616e+03
1.324296108495446333e+03
1.326475806833270781e+03
1.328646587751320340e+03
1.330808485365391107e+03
1.332961533638957917e+03
1.335105766384045182e+03
1.337241217262083865e+03
1.339367919784763444e+03
1.341485907314879341e+03
1.343595213067171699e+03
1.345695870109159614e+03
1.347787911361968099e+03
1.349871369601150036e+03
1.351946277457501537e+03
1.354012667417873445e+03
1.356070571825969182e+03
1.358120022883148067e+03
1.360161052649218618e+03
1.362193693043216172e+03
1.364217975844191415e+03
1.366233932691980726e+03
1.368241595087979704e+03
1.370240994395900998e+03
1.372232161842537380e+03
1.374215128518510937e+03
1.376189925379023407e+03
1.378156586356499702e+03
1.380115135921041428e+03
1.382065607730570036e+03
1.384008032205964810e+03
1.385942439636337895e+03
1.387868860179755302e+03
1.389787323863941083e+03
1.391697860586988554e+03
1.393600500118057198e+03
1.395495272098069563e+03
1.397382206040404071e+03
1.399261331331577139e+03
1.401132677231928255e+03
1.402996272876293460e+03
1.404852147274677918e+03
1.406700329312923259e+03
1.408540847753371054e+03
1.410373731235516061e+03
1.412199008276663108e+03
1.414016707272577378e+03
1.415826856498123789e+03
1.417629484107907956e+03
1.419424618136914660e+03
1.421212286501134713e+03
1.422992516998192968e+03
1.424765337307971549e+03
1.426530774993226260e+03
1.428288857500199811e+03
1.430039612159235958e+03
1.431783066185375446e+03
1.433519246678968784e+03
1.435248180626264684e+03
1.436969894900007375e+03
1.438684416260022999e+03
1.440391771353807826e+03
1.442091988045528524e+03
1.443785090105482368e+03
1.445471105173491196e+03
1.447150059453498443e+03
1.448821979039982352e+03
1.450486889918518955e+03
1.452144817966340952e+03
1.453795788952890462e+03
1.455439828540372446e+03
1.457076962284296997e+03
1.458707215634027762e+03
1.460330613933321274e+03
1.461947182420859917e+03
1.463556946230788299e+03
1.465159930393239847e+03
1.466756159834865002e+03
1.468345659379353265e+03
1.469928453747949106e+03
1.471504567559972884e+03
1.473074025333328336e+03
1.474636851485012812e+03
1.476193070331624540e+03
1.477742706089864669e+03
1.479285782877031806e+03
1.480822324711526335e+03
1.482352355513333123e+03
1.483875899104519931e+03
1.485392979209718305e+03
1.486903619456606748e+03
1.488407843376395931e+03
1.489905674404298225e+03
1.491397135880009273e+03
1.492882251048172520e+03
1.494361043058853056e+03
1.495833534967994183e+03
1.497299749737892171e+03
1.498759710237642139e+03
1.500213439243603716e+03
1.501660959439847829e+03
1.503102293418613726e+03
1.504537463680753717e+03
1.505966492636172916e+03
1.507389402604281031e+03
1.508806215814423012e+03
1.510216954406323339e+03
1.511621643645539962e+03
1.513020299068660734e+03
1.514412945759272361e+03
1.515799605502911618e+03
1.517180299997634847e+03
1.518555050854434512e+03
1.519923879597663017e+03
1.521286807665443348e+03
1.522643856410084027e+03
1.523995047098489749e+03
1.525340400912569066e+03
1.526679938949640700e+03
1.528013682222831221e+03
1.529341651661483183e+03
1.530663868111549618e+03
1.531980352335987845e+03
1.533291125015154648e+03
1.534596206747198494e+03
1.535895618048445840e+03
1.537189379353786080e+03
1.538477511017060579e+03
1.539760033311439201e+03
1.541036966429800032e+03
1.542308330485109991e+03
1.543574145510795915e+03
1.544834431461119493e+03
1.546089208211544246e+03
1.547338495559106832e+03
1.548582313222784023e+03
1.549820680843852415e+03
1.551053617986250629e+03
1.552281144136943340e+03
1.553503278706273704e+03
1.554720041028320793e+03
1.555931450361252018e+03
1.557137525887675110e+03
1.558338286714987362e+03
1.559533751875719418e+03
1.560723940327887021e+03
1.561908870955324801e+03
1.563088562568038014e+03
1.564263033902531561e+03
1.565432303622151949e+03
1.566596390317424039e+03
1.567755312506381415e+03
1.568909088634896534e+03
1.570057737077014053e+03
1.571201276135275748e+03
1.572339724041046338e+03
1.573473098954836814e+03
1.574601418966629126e+03
1.575724702096191095e+03
1.576842966293401332e+03
1.577956229438559603e+03
1.579064509342705151e+03
1.580167823747927059e+03
1.581266191409801877e+03
1.582359627770430507e+03
1.583448151447812961e+03
1.584531779911337935e+03
1.585610530562983968e+03
1.586684420737621849e+03
1.587753467703312936e+03
1.588817688661612010e+03
1.589877100747863324e+03
1.590931721031495499e+03
1.591981566516316661e+03
1.593026654140805022e+03
1.594067000778404235e+03
1.595102623237807848e+03
1.596133538263248056e+03
1.597159762534784932e+03
1.598181312668586770e+03
1.599198205217216355e+03
1.600210456669909718e+03
1.601218083452858536e+03
1.602221101929485940e+03
1.603219528400725267e+03
1.604213379105295644e+03
1.605202670219972561e+03
1.606187417859864809e+03
1.607167638078682785e+03
1.608143346869005427e+03
1.609114560162554199e+03
1.610081293830456389e+03
1.611043563683506818e+03
1.612001385472437278e+03
1.612954774888175052e+03
1.613903747562106901e+03
1.614848319066333261e+03
