0.000000000000000000e+00
7.786324423605925915e+00
1.556824730583311833e+01
2.334575852113908567e+01
3.111884797742706610e+01
3.888750561621137081e+01
4.665172141279547446e+01
5.441148537643314853e+01
6.216678755050411809e+01
6.991761801267401211e+01
7.766396687506465923e+01
8.540582428441136642e+01
9.314318042223118255e+01
1.008760255049775338e+02
1.086043497842045440e+02
1.163281435467184224e+02
1.240473971147401073e+02
1.317621008460515952e+02
1.394722451341577028e+02
1.471778204084295396e+02
1.548788171342602595e+02
1.625752258132080499e+02
1.702670369831483868e+02
1.779542412184135571e+02
1.856368291299426971e+02
1.933147913654168804e+02
2.009881186094067118e+02
2.086568015835052563e+02
2.163208310464712838e+02
2.239801977943588724e+02
2.316348926606589771e+02
2.392849065164254796e+02
2.469302302704128351e+02
2.545708548691996498e+02
2.622067712973230300e+02
2.698379705773995170e+02
2.774644437702554001e+02
2.850861819750453492e+02
2.927031763293784365e+02
3.003154180094358026e+02
3.079228982300924145e+02
3.155256082450297868e+02
3.231235393468571715e+02
3.307166828672199017e+02
3.383050301769196153e+02
3.458885726860142427e+02
3.534673018439405041e+02
3.610412091396092364e+02
3.686102861015218082e+02
3.761745242978672650e+02
3.837339153366314122e+02
3.912884508656941307e+02
3.988381225729301605e+02
4.063829221863094858e+02
4.139228414739920936e+02
4.214578722444254595e+02
4.289880063464337923e+02
4.365132356693172824e+02
4.440335521429330470e+02
4.515489477377957996e+02
4.590594144651526562e+02
4.665649443770810194e+02
4.740655295665621338e+02
4.815611621675728884e+02
4.890518343551594285e+02
4.965375383455227620e+02
5.040182663960916329e+02
5.114940108056047166e+02
5.189647639141774107e+02
5.264305181033856798e+02
5.338912657963264792e+02
5.413469994576990985e+02
5.487977115938626866e+02
5.562433947529136731e+02
5.636840415247443161e+02
5.711196445411098921e+02
5.785501964756897451e+02
5.859756900441492462e+02
5.933961180041987973e+02
6.008114731556522656e+02
6.082217483404820086e+02
6.156269364428749213e+02
6.230270303892843913e+02
6.304220231484855503e+02
6.378119077316189305e+02
6.451966771922471935e+02
6.525763246263949213e+02
6.599508431726019353e+02
6.673202260119578568e+02
6.746844663681557677e+02
6.820435575075248380e+02
6.893974927390738685e+02
6.967462654145286933e+02
7.040898689283702652e+02
7.114282967178663739e+02
7.187615422631109823e+02
7.260895990870495780e+02
7.334124607555169177e+02
7.407301208772630616e+02
7.480425731039796347e+02
7.553498111303282485e+02
7.626518286939671043e+02
7.699486195755735025e+02
7.772401775988630561e+02
7.845264966306122005e+02
7.918075705806812721e+02
7.990833934020272409e+02
8.063539590907208776e+02
8.136192616859627833e+02
8.208792952700997603e+02
8.281340539686325428e+02
8.353835319502262564e+02
8.426277234267248559e+02
8.498666226531537404e+02
8.571002239277307808e+02
8.643285215918676840e+02
8.715515100301763596e+02
8.787691836704700563e+02
8.859815369837670005e+02
8.931885644842849388e+02
9.003902607294465952e+02
9.075866203198701214e+02
9.147776378993702338e+02
9.219633081549470717e+02
9.291436258167866526e+02
9.363185856582446149e+02
9.434881824958421248e+02
9.506524111892525752e+02
9.578112666412926046e+02
9.649647437979017468e+02
9.721128376481384521e+02
9.792555432241514382e+02
9.863928556011742330e+02
9.935247698974969808e+02
1.000651281851950898e+03
1.007772385520557009e+03
1.014888076721538368e+03
1.021998350745219113e+03
1.029103202924874495e+03
1.036202628636701775e+03
1.043296626155147351e+03
1.050385185262737423e+03
1.057468304288514219e+03
1.064545978780083487e+03
1.071618204327827698e+03
1.078684976564873750e+03
1.085746292152152137e+03
1.092802144848210446e+03
1.099852531389092292e+03
1.106897447578535093e+03
1.113936889262831755e+03
1.120970852330797470e+03
1.127999335747782425e+03
1.135022329449371455e+03
1.142039832455889837e+03
1.149051840825797171e+03
1.156058350659859116e+03
1.163059358101091675e+03
1.170054859334716866e+03
1.177044851913615275e+03
1.184029329468647120e+03
1.191008289624525332e+03
1.197981728734795070e+03
1.204949643194947612e+03
1.211912029442375115e+03
1.218868883956307855e+03
1.225820203257760568e+03
1.232765987167476851e+03
1.239706225802486415e+03
1.246640919038285347e+03
1.253570063562439373e+03
1.260493656104001730e+03
1.267411693433449955e+03
1.274324172362622903e+03
1.281231089744657993e+03
1.288132442473922310e+03
1.295028228618857383e+03
1.301918442899602951e+03
1.308803083457434241e+03
1.315682147350975811e+03
1.322555631679740827e+03
1.329423533584065808e+03
1.336285850245034453e+03
1.343142578884408522e+03
1.349993716764549163e+03
1.356839264698290890e+03
1.363679213036175952e+03
1.370513562644863896e+03
1.377342310948375371e+03
1.384165455410955474e+03
1.390982993536989170e+03
1.397794922870929440e+03
1.404601240997210198e+03
1.411401945540170345e+03
1.418197034163968283e+03
1.424986504572500280e+03
1.431770356046681400e+03
1.438548583305930379e+03
1.445321185699220223e+03
1.452088161088558309e+03
1.458849507375265375e+03
1.465605222499884576e+03
1.472355304442098031e+03
1.479099751220637245e+03
1.485838560893193744e+03
1.492571731556326085e+03
1.499299261345371633e+03
1.506021148434354473e+03
1.512737394856477067e+03
1.519447991247056507e+03
1.526152939690890662e+03
1.532852238515819181e+03
1.539545886087900044e+03
1.546233880811312702e+03
1.552916221128261213e+03
1.559592905518882617e+03
1.566263932501143017e+03
1.572929300630740499e+03
1.579589008501010312e+03
1.586243054742820732e+03
1.592891438024476429e+03
1.599534157051615011e+03
1.606171211903942321e+03
1.612802598695951247e+03
1.619428317573365348e+03
1.626048367390140356e+03
1.632662747037059944e+03
1.639271455441622038e+03
1.645874491567940595e+03
1.652471854416637825e+03
1.659063543024741648e+03
1.665649556465573824e+03
1.672229893848650136e+03
1.678804554319567160e+03
1.685373537059901992e+03
1.691936841287094921e+03
1.698494466254348708e+03
1.705046415429659191e+03
1.711592679802508428e+03
1.718133262888521585e+03
1.724668164082846033e+03
1.731197382815833180e+03
1.737720918552937974e+03
1.744238770794599986e+03
1.750750939076133818e+03
1.757257422967615639e+03
1.763758222073773823e+03
1.770253336033869800e+03
1.776742764521588470e+03
1.783226507244921549e+03
1.789704563946057533e+03
1.796176934401261633e+03
1.802643618420763232e+03
1.809104615848639469e+03
1.815559926562701548e+03
1.822009552328991731e+03
1.828453489392615211e+03
1.834891739577094313e+03
1.841324302894004859e+03
1.847751179388069204e+03
1.854172369137036640e+03
1.860587872251574481e+03
1.866997688875139147e+03
1.873401819183864063e+03
1.879800263386438019e+03
1.886193021723984657e+03
1.892580094469948790e+03
1.898961481929971796e+03
1.905337184441768386e+03
1.911707202375013821e+03
1.918071536131220228e+03
1.924430186143615629e+03
1.930783152877022076e+03
1.937130436827734002e+03
1.943472038523400670e+03
1.949807958522903164e+03
1.956138202040920987e+03
1.962462760470137027e+03
1.968781639066008893e+03
1.975094838511117814e+03
1.981402359518665207e+03
1.987704202832349893e+03
1.994000369226245539e+03
2.000290859504676519e+03
2.006575674502095580e+03
2.012854815082958794e+03
2.019128282141604814e+03
2.025396076602128915e+03
2.031658199418260210e+03
2.037914651573238416e+03
2.044165434079688794e+03
2.050410547979498915e+03
2.056649994343690651e+03
2.062883774272303981e+03
2.069111888894266485e+03
2.075334339367265329e+03
2.081551126877635852e+03
2.087762252640219685e+03
2.093967717898256979e+03
2.100167523923247245e+03
2.106361673641453763e+03
2.112550165133910014e+03
2.118733001376175253e+03
2.124910183751563636e+03
2.131081713671028865e+03
2.137247592573045495e+03
2.143407821923472511e+03
2.149562403215441464e+03
2.155711337969216402e+03
2.161854627732081099e+03
2.167992274078208084e+03
2.174124278608534041e+03
2.180250642950635665e+03
2.186371368758603694e+03
2.192486457712919218e+03
2.198595911520324989e+03
2.204699731913701726e+03
2.210797920651946242e+03
2.216890479519845030e+03
2.222977410327941470e+03
2.229058714912421237e+03
2.235134395134988154e+03
2.241204452882726400e+03
2.247268890067986831e+03
2.253327708628256914e+03
2.259380910526042499e+03
2.265428497748734117e+03
2.271470472308488752e+03
2.277506836242101144e+03
2.283537591610884192e+03
2.289562745670417371e+03
2.295582290209347775e+03
2.301596232513233645e+03
2.307604574740205862e+03
2.313607319072283644e+03
2.319604467715262217e+03
2.325596022898578667e+03
2.331581986875195071e+03
2.337562361921470711e+03
2.343537150337038383e+03
2.349506354444687076e+03
2.355469976590230090e+03
2.361428019142388166e+03
2.367380484492663527e+03
2.373327375055217090e+03
2.379268693266747960e+03
2.385204441586369740e+03
2.391134622495484109e+03
2.397059238497662136e+03
2.402978292118528316e+03
2.408891785905625511e+03
2.414799722428299901e+03
2.420702104277583658e+03
2.426598934066065794e+03
2.432490214427773026e+03
2.438375948018051531e+03
2.444256137513443718e+03
2.450130785611564988e+03
2.455999895030992320e+03
2.461863468511126484e+03
2.467721508812092452e+03
2.473574018714604335e+03
2.479421001019852611e+03
2.485262458549378152e+03
2.491098394144962185e+03
2.496928812968610600e+03
2.502753713309102750e+03
2.508573100361209072e+03
2.514386977046458924e+03
2.520195346306021293e+03
2.525998211100587014e+03
2.531795574410253721e+03
2.537587439234403973e+03
2.543373808591592478e+03
2.549154685519421491e+03
2.554930073074429401e+03
2.560699974331976136e+03
2.566464392386118561e+03
2.572223330349501794e+03
2.577976791353235512e+03
2.583724778546786183e+03
2.589467295097857459e+03
2.595204344192271037e+03
2.600935929033859793e+03
2.606662052844346363e+03
2.612382718863229002e+03
2.618097930347670626e+03
2.623807690572384672e+03
2.629512002829513222e+03
2.635210870428527869e+03
2.640904296696098299e+03
2.646592284975997245e+03
2.652274838628975886e+03
2.657951961032651980e+03
2.663623655581405728e+03
2.669289925686257448e+03
2.674950774774766160e+03
2.680606206290906812e+03
2.686256223694972050e+03
2.691900830463443981e+03
2.697540030088907770e+03
2.703173826079915671e+03
2.708802221960895622e+03
2.714425221272029376e+03
2.720042827569154724e+03
2.725655044423649997e+03
2.731261875422317644e+03
2.736863324167291466e+03
2.742459394275915201e+03
2.748050089380644749e+03
2.753635418985562865e+03
2.759215375055072400e+03
2.764789967107609300e+03
2.770359198834980816e+03
2.775923073943568397e+03
2.781481596154214458e+03
2.787034769202127336e+03
2.792582596836765788e+03
2.798125082821737578e+03
2.803662230934696254e+03
2.809194044967236550e+03
2.814720528724788437e+03
2.820241686026507978e+03
2.825757520705185016e+03
2.831268036607134945e+03
2.836773237592090027e+03
2.842273127533102070e+03
2.847767710316444209e+03
2.853256989841501763e+03
2.858740970020668556e+03
2.864219654779256871e+03
2.869693048055387408e+03
2.875161153799887416e+03
2.880623975976197471e+03
2.886081518560265522e+03
2.891533785540451845e+03
2.896980780917422635e+03
2.902422508704055872e+03
2.907858972925347643e+03
2.913290177618303460e+03
2.918716126831842303e+03
2.924136824626706584e+03
2.929552275075357556e+03
2.934962482261879813e+03
2.940367450281884885e+03
2.945767183242415285e+03
2.951161685261849470e+03
2.956550960469800430e+03
2.961935013007032012e+03
2.967313847025346149e+03
2.972687466687511005e+03
2.978055876167144106e+03
2.983419079648630486e+03
2.988777081327029464e+03
2.994129885407978691e+03
2.999477496107597744e+03
3.004819917652401728e+03
3.010157154279205315e+03
3.015489210235032260e+03
3.020816089777021261e+03
3.026137797172339560e+03
3.031454336698082898e+03
3.036765712641199570e+03
3.042071929298385385e+03
3.047372990976002257e+03
3.052668901989983169e+03
3.057959668758434418e+03
3.063245291435342097e+03
3.068525776452976515e+03
3.073801128164679540e+03
3.079071350932928453e+03
3.084336449129245011e+03
3.089596427134102214e+03
3.094851289336847458e+03
3.100101040135612948e+03
3.105345683937227477e+03
3.110585225157131845e+03
3.115819668219289724e+03
3.121049017556113995e+03
3.126273277608368971e+03
3.131492452825089913e+03
3.136706547663505262e+03
3.141915566588944785e+03
3.147119514074762264e+03
3.152318394602247281e+03
3.157512212660546538e+03
3.162700972746580192e+03
3.167884679364959993e+03
3.173063337027909256e+03
3.178236950255175543e+03
3.183405523573960181e+03
3.188569061518829585e+03
3.193727568631632039e+03
3.198881049461429939e+03
3.204029508564415210e+03
3.209172950503819266e+03
3.214311379849849800e+03
3.219444801179603473e+03
3.224573219076994974e+03
3.229696638132666521e+03
