# d_a
# unit = Mpc
0.000000000000000000e+00
5.913944189849125621e+01
1.166795446191860037e+02
1.726681770042656012e+02
2.271514889281038165e+02
2.801739880921940653e+02
3.317786125149406757e+02
3.820067990074431918e+02
4.308985479040905489e+02
4.784924842962582829e+02
5.248259159986574787e+02
5.699348884605986996e+02
6.138542368186422209e+02
6.566176352725519791e+02
6.982576439531012511e+02
7.388057534379896651e+02
7.782924270608481265e+02
8.167471411478470600e+02
8.541984233069052834e+02
8.906738888855984442e+02
9.262002757057759936e+02
9.608034771753586938e+02
9.945085738708595500e+02
1.027339863677795847e+03
1.059320890570224947e+03
1.090474472105206360e+03
1.120822725702913431e+03
1.150387093778486360e+03
1.179188367787377956e+03
1.207246711241939011e+03
1.234581681753309113e+03
1.261212252149235837e+03
1.287156830715244496e+03
1.312433280603667981e+03
1.337058938452263419e+03
1.361050632251630759e+03
1.384424698498261023e+03
1.407196998667856860e+03
1.429382935041514429e+03
1.450997465915461589e+03
1.472055120223252970e+03
1.492570011597710163e+03
1.512555851898306400e+03
1.532025964228281737e+03
1.550993295464457788e+03
1.569470428321398913e+03
1.587469592970477606e+03
1.605002678233227925e+03
1.622081242367417190e+03
1.638716523463223893e+03
1.654919449466103515e+03
1.670700647841981208e+03
1.686070454899705737e+03
1.701038924784877054e+03
1.715615838158521910e+03
1.729810710573407050e+03
1.743632800560133774e+03
1.757091117434642456e+03
1.770194428838140311e+03
1.782951268019967074e+03
1.795369940873464202e+03
1.807458532734376149e+03
1.819224914950955053e+03
1.830676751234463154e+03
1.841821503798429376e+03
1.852666439294605880e+03
1.863218634553257743e+03
1.873484982135040354e+03
1.883472195701480587e+03
1.893186815210682880e+03
1.902635211944690809e+03
1.911823593374600932e+03
1.920758007869306539e+03
1.929444349253494920e+03
1.937888361220280785e+03
1.946095641603663807e+03
1.954071646515765906e+03
1.961821694353614703e+03
1.969350969680045182e+03
1.976664526983122414e+03
1.983767294318300401e+03
1.990664076837372249e+03
1.997359560208107951e+03
2.003858313928349389e+03
2.010164794538128263e+03
2.016283348733317098e+03
2.022218216384112566e+03
2.027973533461592524e+03
2.033553334875405653e+03
2.038961557225599108e+03
2.044202041471422717e+03
2.049278535519880279e+03
2.054194696736690275e+03
2.058954094382197582e+03
2.063560211974726826e+03
2.068016449583727990e+03
2.072326126055033910e+03
2.076492481170416795e+03
2.080518677743585613e+03
2.084407803654675263e+03
2.088162873825208862e+03
2.091786832135449458e+03
2.095282553285981066e+03
2.098652844605292557e+03
2.101900447805102431e+03
2.105028040685060205e+03
2.108038238788437866e+03
2.110933597010352514e+03
2.113716611160009961e+03
2.116389719478422649e+03
2.118955304112971135e+03
2.121415692550172935e+03
2.123773159007957929e+03
2.126029925788683613e+03
2.128188164594125283e+03
2.130249997803608949e+03
2.132217499716403381e+03
2.134092697759486782e+03
2.135877573661732640e+03
2.137574064595544769e+03
2.139184064286920602e+03
2.140709424094916812e+03
2.142151954061421748e+03
2.143513423932144178e+03
2.144795564149679649e+03
2.146000066819481617e+03
2.147128586649567296e+03
2.148182741864720356e+03
2.149164115095964007e+03
2.150074254246032069e+03
2.150914673331540598e+03
2.151686853302565851e+03
2.152392242840277049e+03
2.153032259133272419e+03
2.153608288633247412e+03
2.154121687790587202e+03
2.154573783770486443e+03
2.154965875150134252e+03
2.155299232597550144e+03
2.155575099532561126e+03
2.155794692770466099e+03
2.155959203148867800e+03
2.156069796138163383e+03
2.156127612436156596e+03
2.156133768547249474e+03
2.156089357346637371e+03
2.155995448629968450e+03
2.155853089648829609e+03
2.155663305632501761e+03
2.155427100296351909e+03
2.155145456337236283e+03
2.154819335916283762e+03
2.154449681129422515e+03
2.154037414465962684e+03
2.153583439255599842e+03
2.153088640104141177e+03
2.152553883318277713e+03
2.151980017319682702e+03
2.151367873048774982e+03
2.150718264358374654e+03
2.150031988397575333e+03
2.149309825986078522e+03
2.148552541979245234e+03
2.147760885624139974e+03
2.146935590906786274e+03
2.146077376890889809e+03
2.145186948048248723e+03
2.144264994581083101e+03
2.143312192736499583e+03
2.142329205113286662e+03
2.141316680961279417e+03
2.140275256473450099e+03
2.139205555070959235e+03
2.138108187681315940e+03
2.136983753009867087e+03
2.135832837804756309e+03
2.134656017115550640e+03
2.133453854545697595e+03
2.132226902498954132e+03
2.130975702419978916e+03
2.129700785029206145e+03
2.128402670552176005e+03
2.127081868943452719e+03
2.125738880105274802e+03
2.124374194101065768e+03
2.122988291363956705e+03
2.121581642900428051e+03
2.120154710489201989e+03
2.118707946875523248e+03
2.117241795960921081e+03
2.115756692988582017e+03
2.114253064724449814e+03
2.112731329634138092e+03
2.111191898055800721e+03
2.109635172369012253e+03
2.108061547159808470e+03
2.106471409381947069e+03
2.104865138514498994e+03
2.103243106715865451e+03
2.101605678974298371e+03
2.099953213255022092e+03
2.098286060644028566e+03
2.096604565488648859e+03
2.094909065534958245e+03
2.093199892062100389e+03
2.091477370013621567e+03
2.089741818125860846e+03
2.087993549053498555e+03
2.086232869492297596e+03
2.084460080299149922e+03
2.082675476609445923e+03
2.080879347951871296e+03
2.079071978360673256e+03
2.077253646485461104e+03
2.075424625698596174e+03
2.073585184200246658e+03
2.071735585121143686e+03
2.069876086623095034e+03
2.068006941997330159e+03
2.066128399760702905e+03
2.064240703749820113e+03
2.062344093213133874e+03
2.060438802901063355e+03
2.058525063154163036e+03
2.056603099989414659e+03
2.054673135184673356e+03
2.052735386361300698e+03
2.050790067065050607e+03
2.048837386845227229e+03
2.046877551332167513e+03
2.044910762313087616e+03
2.042937217806321314e+03
2.040957112133995679e+03
2.038970635993182441e+03
2.036977975368806710e+03
2.034979316193756631e+03
2.032974837579537507e+03
2.030964716405117997e+03
2.028949126258431988e+03
2.026928237499067336e+03
2.024902217319658575e+03
2.022871229806005886e+03
2.020835435995954640e+03
2.018794993937058507e+03
2.016750058743067484e+03
2.014700782649243365e+03
2.012647315066550391e+03
2.010589802634742682e+03
2.008528389274357323e+03
2.006463216237657889e+03
2.004394422158544785e+03
2.002322143101444453e+03
2.000246512609219508e+03
1.998167661750105935e+03
1.996085719163704425e+03
1.994000811106049468e+03
1.991913061493774876e+03
1.989822591947383216e+03
1.987729521833668286e+03
1.985633968307277655e+03
1.983536046351449386e+03
1.981435868817941810e+03
1.979333546466170219e+03
1.977229188001567081e+03
1.975122900113185096e+03
1.973014787510558335e+03
1.970904952959837146e+03
1.968793497319210019e+03
1.966680519573636957e+03
1.964566116868899826e+03
1.962450384544979215e+03
1.960333416168795111e+03
1.958215303566296370e+03
1.956096136853937196e+03
1.953976004469530153e+03
1.951854993202516425e+03
1.949733188223638763e+03
1.947610673114050087e+03
1.945487529893853434e+03
1.943363839050102115e+03
1.941239679564253947e+03
1.939115128939103670e+03
1.936990263225205126e+03
1.934865157046775266e+03
1.932739883627119298e+03
1.930614514813561527e+03
1.928489121101911451e+03
1.926363771660455996e+03
1.924238534353506793e+03
1.922113475764498389e+03
1.919988661218647621e+03
1.917864154805196222e+03
1.915740019399222547e+03
1.913616316683054947e+03
1.911493107167277230e+03
1.909370450211343950e+03
1.907248404043811888e+03
1.905127025782191140e+03
1.903006371452428539e+03
1.900886496008029326e+03
1.898767453348826166e+03
1.896649296339396642e+03
1.894532076827140827e+03
1.892415845660030527e+03
1.890300652704022013e+03
1.888186546860160888e+03
1.886073576081358397e+03
1.883961787388873518e+03
1.881851226888482188e+03
1.879741939786362764e+03
1.877633970404677257e+03
1.875527362196881313e+03
1.873422157762747929e+03
1.871318398863126731e+03
1.869216126434420858e+03
1.867115380602817595e+03
1.865016200698251623e+03
1.862918625268122696e+03
1.860822692090756163e+03
1.858728438188637028e+03
1.856635899841387754e+03
1.854545112598531887e+03
1.852456111292008927e+03
1.850368930048485709e+03
1.848283602301431301e+03
1.846200160802987966e+03
1.844118637635623372e+03
1.842039064223578180e+03
1.839961471344111260e+03
1.837885889138547327e+03
1.835812347123119480e+03
1.833740874199632344e+03
1.831671498665933086e+03
1.829604248226188474e+03
1.827539150000996869e+03
1.825476230537308766e+03
1.823415515818180211e+03
1.821357031272354561e+03
1.819300801783675524e+03
1.817246851700332854e+03
1.815195204843954798e+03
1.813145884518529556e+03
1.811098913519185089e+03
1.809054314140803626e+03
1.807012108186497926e+03
1.804972316975932017e+03
1.802934961353501876e+03
1.800900061696370130e+03
1.798867637922374342e+03
1.796837709497779315e+03
1.794810295444913891e+03
1.792785414349664507e+03
1.790763084368848695e+03
1.788743323237453978e+03
1.786726148275757168e+03
1.784711576396322471e+03
1.782699624110878858e+03
1.780690307537076251e+03
1.778683642405132559e+03
1.776679644064364538e+03
1.774678327489607000e+03
1.772679707287524479e+03
1.770683797702814218e+03
1.768690612624303640e+03
1.766700165590948700e+03
1.764712469797722633e+03
1.762727538101420123e+03
1.760745383026340505e+03
1.758766016769897078e+03
1.756789451208122955e+03
1.754815697901079375e+03
1.752844768098185796e+03
1.750876672743447671e+03
1.748911422480603733e+03
1.746949027658185969e+03
1.744989498334494328e+03
1.743032844282487758e+03
1.741079074994596112e+03
1.739128199687449296e+03
1.737180227306529559e+03
1.735235166530739889e+03
1.733293025776911236e+03
1.731353813204219250e+03
1.729417536718535530e+03
1.727484203976705430e+03
1.725553822390757432e+03
1.723626399132037250e+03
1.721701941135281913e+03
1.719780455102613587e+03
1.717861947507484274e+03
1.715946424598545264e+03
1.714033892403448817e+03
1.712124356732603246e+03
1.710217823182846814e+03
1.708314297141078441e+03
1.706413783787817920e+03
1.704516288100708607e+03
1.702621814857976005e+03
1.700730368641807445e+03
1.698841953841695613e+03
1.696956574657719557e+03
