# d_a
# unit = Mpc
0.000000000000000000e+00
4.230676048119543964e+01
8.359380909884640687e+01
1.238897157718608781e+02
1.632220082435679274e+02
2.016172223450343779e+02
2.391009468317035385e+02
2.756978680754212974e+02
3.114318121371029520e+02
3.463257839954728183e+02
3.804020038446662966e+02
4.136819414175629959e+02
4.461863513876739944e+02
4.779353011719632605e+02
5.089482036765926409e+02
5.392438418397721307e+02
5.688403990123200629e+02
5.977554805102673754e+02
6.260061404530258642e+02
6.536088998686665263e+02
6.805797733797554656e+02
7.069342865736018666e+02
7.326874945088557070e+02
7.578540024031707389e+02
7.824479825247942699e+02
8.064831870210410898e+02
8.299729698199740824e+02
8.529302975789316861e+02
8.753677649860021575e+02
8.972976087693539284e+02
9.187317191447451705e+02
9.396816544990599596e+02
9.601586516897457386e+02
9.801736377084156402e+02
9.997372404601470635e+02
1.018859799063934588e+03
1.037551373700026033e+03
1.055821756339764534e+03
1.073680474532082144e+03
1.091136807838773166e+03
1.108199790912554818e+03
1.124878222704608106e+03
1.141180674053191069e+03
1.157115494960911974e+03
1.172690821576417648e+03
1.187914582895340573e+03
1.202794507194503467e+03
1.217338128212557649e+03
1.231552791089488665e+03
1.245445658076718701e+03
1.259023714028855011e+03
1.272293772316173545e+03
1.285262477401066462e+03
1.297936313491164810e+03
1.310321606757782092e+03
1.322424530504642689e+03
1.334251109549539024e+03
1.345807224449617706e+03
1.357098615577331429e+03
1.368130887053691595e+03
1.378909510545134253e+03
1.389439828929940404e+03
1.399727059839865433e+03
1.409776299082333935e+03
1.419592523948262397e+03
1.429180596410323915e+03
1.438545266216223581e+03
1.447691173881315535e+03
1.456622853584667610e+03
1.465344735972493027e+03
1.473861150872650796e+03
1.482176329923753201e+03
1.490294409122232310e+03
1.498219431290557623e+03
1.505955348469651881e+03
1.513506024238390637e+03
1.520875235962950683e+03
1.528066676978625310e+03
1.535083958706625253e+03
1.541930612708243643e+03
1.548610092678661886e+03
1.555125776382594267e+03
1.561480969180918464e+03
1.567678899271331375e+03
1.573722729333131838e+03
1.579615551672828133e+03
1.585360391541597892e+03
1.590960208762448929e+03
1.596417899311963083e+03
1.601736296858154446e+03
1.606918174255907843e+03
1.611966245001384323e+03
1.616883164646756313e+03
1.621671532176539586e+03
1.626333891346770770e+03
1.630872731988216628e+03
1.635290491274750138e+03
1.639589554957992277e+03
1.643772258569277028e+03
1.647840888589941642e+03
1.651797683590929637e+03
1.655644835342630586e+03
1.659384489895876641e+03
1.663018748634944131e+03
1.666549669303420842e+03
1.669979267003722953e+03
1.673309515171060866e+03
1.676542346522593107e+03
1.679679653982488844e+03
1.682723291583611854e+03
1.685675075346487347e+03
1.688536784136205370e+03
1.691310160497898551e+03
1.693996911471386284e+03
1.696598709385592656e+03
1.699117192633285867e+03
1.701553966426700526e+03
1.703910603534573738e+03
1.706188645001101122e+03
1.708389600847316615e+03
1.710514950755375594e+03
1.712566144736208116e+03
1.714544603780988382e+03
1.716451720496866528e+03
1.718288859727378622e+03
1.720057359157948667e+03
1.721758529906878493e+03
1.723393657102212046e+03
1.724964000444853355e+03
1.726470794758288093e+03
1.727915250525272540e+03
1.729298554411826899e+03
1.730621869778863584e+03
1.731886337181771069e+03
1.733093074858265936e+03
1.734243179204822127e+03
1.735337725241959788e+03
1.736377767068688627e+03
1.737364338306378158e+03
1.738298452532334522e+03
1.739181103703323288e+03
1.740013266569315647e+03
1.740795897077706286e+03
1.741529932768207800e+03
1.742216293158714052e+03
1.742855880122293456e+03
1.743449578255594588e+03
1.743998255238834417e+03
1.744502762187597455e+03
1.744963933996648848e+03
1.745382589675954023e+03
1.745759532679099948e+03
1.746095551224301516e+03
1.746391418608184722e+03
1.746647893512504197e+03
1.746865720303997932e+03
1.747045629327512415e+03
1.747188337192586232e+03
1.747294547053644692e+03
1.747364948883956686e+03
1.747400219743502021e+03
1.747401024040906805e+03
1.747368013789581710e+03
1.747301828858204999e+03
1.747203097215678554e+03
1.747072435170706058e+03
1.746910447606099979e+03
1.746717728207960590e+03
1.746494859689843679e+03
1.746242414012027439e+03
1.745960952596006564e+03
1.745651026534318362e+03
1.745313176795819572e+03
1.744947934426503480e+03
1.744555820745990104e+03
1.744137347539759276e+03
1.743693017247248690e+03
1.743223323145906306e+03
1.742728749531292806e+03
1.742209771893315065e+03
1.741666857088707502e+03
1.741100463509811334e+03
1.740511041249771552e+03
1.739899032264213020e+03
1.739264870529484597e+03
1.738608982197546993e+03
1.737931785747592812e+03
1.737233692134450848e+03
1.736515104933871953e+03
1.735776420484755135e+03
1.735018028028385970e+03
1.734240309844754165e+03
1.733443641386021682e+03
1.732628391407196432e+03
1.731794922094093408e+03
1.730943589188610986e+03
1.730074742111429941e+03
1.729188724082143153e+03
1.728285872236917612e+03
1.727366517743710119e+03
1.726430985915114434e+03
1.725479596318881249e+03
1.724512662886166709e+03
1.723530494017555839e+03
1.722533392686925254e+03
1.721521656543166728e+03
1.720495578009844166e+03
1.719455444382816040e+03
1.718401538413056642e+03
1.717334136450927872e+03
1.716253511463163704e+03
1.715159931171978315e+03
1.714053658631078633e+03
1.712934952312004725e+03
1.711804066188738716e+03
1.710661249820613875e+03
1.709506748433560460e+03
1.708340802999721291e+03
1.707163650315480709e+03
1.705975523077935350e+03
1.704776649959836959e+03
1.703567255683055009e+03
1.702347561090572526e+03
1.701117783217056285e+03
1.699878135358036616e+03
1.698628827137716144e+03
1.697370064575441802e+03
1.696102050150873083e+03
1.694824982867865856e+03
1.693539057298342641e+03
1.692244467690372176e+03
1.690941402000216385e+03
1.689630045942700008e+03
1.688310582058001955e+03
1.686983189768414150e+03
1.685648045433998732e+03
1.684305322407159110e+03
1.682955191086167815e+03
1.681597818967649118e+03
1.680233370698055751e+03
1.678862008124156091e+03
1.677483890342545692e+03
1.676099173748216799e+03
1.674708012082190635e+03
1.673310556478243825e+03
1.671906955508742840e+03
1.670497355229599862e+03
1.669081899224382369e+03
1.667660728647579845e+03
1.666233982267049896e+03
1.664801796505661969e+03
1.663364305482158443e+03
1.661921641051236065e+03
1.660473932842882505e+03
1.659021308300968258e+03
1.657563892721113916e+03
1.656101809287846663e+03
1.654635179111071011e+03
1.653164121261846049e+03
1.651688752807503079e+03
1.650209188846105690e+03
1.648725542540277274e+03
1.647237925150390083e+03
1.645746446067145598e+03
1.644251212843554413e+03
1.642752331226319029e+03
1.641249905186646856e+03
1.639744036950487953e+03
1.638234827028220252e+03
1.636722374243795912e+03
1.635206775763344012e+03
1.633688127123256209e+03
1.632166522257761244e+03
1.630642053525991059e+03
1.629114811738560320e+03
1.627584886183657773e+03
1.626052364652671713e+03
1.624517333465343199e+03
1.622979877494468383e+03
1.621440080190157005e+03
1.619898023603649108e+03
1.618353788410706557e+03
1.616807453934583009e+03
1.615259098168583250e+03
1.613708797798215528e+03
1.612156628222949621e+03
1.610602663577589510e+03
1.609046976753257013e+03
1.607489639418010711e+03
1.605930722037095620e+03
1.604370293892826794e+03
1.602808423104132544e+03
1.601245176645742504e+03
1.599680620367041456e+03
1.598114819010589599e+03
1.596547836230313578e+03
1.594979734609384650e+03
1.593410575677778752e+03
1.591840419929524614e+03
1.590269326839657879e+03
1.588697354880875992e+03
1.587124561539898878e+03
1.585551003333550852e+03
1.583976735824556272e+03
1.582401813637068926e+03
1.580826290471920174e+03
1.579250219121616510e+03
1.577673651485065875e+03
1.576096638582060677e+03
1.574519230567501381e+03
1.572941476745379305e+03
1.571363425582521131e+03
1.569785124722093769e+03
1.568206620996878655e+03
1.566627960442321864e+03
1.565049188309356168e+03
1.563470349077007540e+03
1.561891486464786567e+03
1.560312643444868172e+03
1.558733862254063752e+03
1.557155184405591172e+03
1.555576650700647861e+03
1.553998301239779266e+03
1.552420175434067914e+03
1.550842312016122150e+03
1.549264749050885484e+03
1.547687523946266538e+03
1.546110673463580724e+03
1.544534233727827313e+03
1.542958240237788004e+03
1.541382727875960427e+03
1.539807730918318384e+03
1.538233283043922029e+03
1.536659417344352050e+03
1.535086166332998800e+03
1.533513561954195666e+03
1.531941635592193506e+03
1.530370418079993215e+03
1.528799939708030479e+03
1.527230230232714803e+03
1.525661318884832781e+03
1.524093234377805629e+03
1.522526004915813246e+03
1.520959658201791171e+03
1.519394221445285666e+03
1.517829721370189191e+03
1.516266184222341508e+03
1.514703635777010959e+03
1.513142101346256595e+03
1.511581605786159116e+03
1.510022173503946988e+03
1.508463828464999324e+03
1.506906594199730762e+03
1.505350493810381295e+03
1.503795549977673772e+03
1.502241784967379090e+03
1.500689220636774735e+03
1.499137878440987151e+03
1.497587779439245196e+03
1.496038944301027186e+03
1.494491393312103810e+03
1.492945146380498727e+03
1.491400223042334574e+03
1.489856642467600295e+03
1.488314423465818663e+03
1.486773584491625570e+03
1.485234143650260648e+03
1.483696118702967169e+03
1.482159527072308492e+03
1.480624385847400617e+03
1.479090711789062425e+03
1.477558521334874285e+03
1.476027830604174369e+03
1.474498655402958093e+03
1.472971011228711177e+03
1.471444913275161298e+03
1.469920376436959259e+03
1.468397415314274895e+03
1.466876044217343178e+03
1.465356277170909607e+03
1.463838127918630562e+03
1.462321609927391364e+03
1.460806736391560207e+03
1.459293520237175244e+03
1.457781974126065506e+03
1.456272110459911801e+03
1.454763941384234613e+03
1.453257478792331085e+03
1.451752734329142640e+03
1.450249719395064631e+03
1.448748445149700956e+03
1.447248922515550703e+03
1.445751162181650216e+03
1.444255174607147865e+03
1.442760970024828111e+03
1.441268558444583050e+03
1.439777949656824831e+03
1.438289153235853291e+03
1.436802178543160835e+03
1.435317034730699561e+03
1.433833730744084278e+03
