# d_l
# unit = Mpc
4.602771237721823923e+02
4.702112489758282550e+02
4.801695723650355490e+02
4.901520378748778626e+02
5.001585894999073503e+02
5.101891712948651616e+02
5.202437273754003400e+02
5.303222019187701335e+02
5.404245391645430345e+02
5.505506834152924966e+02
5.607005790372825231e+02
5.708741704611521754e+02
5.810714021825913278e+02
5.912922187630080089e+02
6.015365648301971078e+02
6.118043850789946418e+02
6.220956242719307738e+02
6.324102272398790774e+02
6.427481388826906823e+02
6.531093041698397883e+02
6.634936681410348456e+02
6.739011759068611127e+02
6.843317726493805822e+02
6.947854036227516872e+02
7.052620141538311600e+02
7.157615496427736161e+02
7.262839555636238629e+02
7.368291774649032959e+02
7.473971609701920897e+02
7.579878517787037708e+02
7.686011956658538793e+02
7.792371384838237418e+02
7.898956261621179920e+02
8.005766047081159513e+02
8.112800202076175538e+02
8.220058188253801745e+02
8.327539468056611440e+02
8.435243504727314985e+02
8.543169762314144009e+02
8.651317705675892284e+02
8.759686800487069149e+02
8.868276513242954024e+02
8.977086311264581582e+02
9.086115662703650742e+02
9.195364036547446176e+02
9.304830902623598377e+02
9.414515731604886923e+02
9.524417995013930067e+02
9.634537165227828837e+02
9.744872715482752028e+02
9.855424119878464353e+02
9.966190853382818204e+02
1.007717239183615220e+03
1.018836821195571019e+03
1.029977779133980675e+03
1.041140060847227005e+03
1.052323614272647774e+03
1.063528387436957701e+03
1.074754328456653184e+03
1.086001385538418845e+03
1.097269506979519292e+03
1.108558641168197482e+03
1.119868736584056023e+03
1.131199741798438026e+03
1.142551605474806820e+03
1.153924276369112249e+03
1.165317703330155609e+03
1.176731835299950944e+03
1.188166621314077247e+03
1.199622010502025887e+03
1.211097952087547355e+03
1.222594395388985276e+03
1.234111289819614740e+03
1.245648584887961306e+03
1.257206230198130697e+03
1.268784175450123030e+03
1.280382370440144541e+03
1.292000765060912272e+03
1.303639309301962612e+03
1.315297953249938473e+03
1.326976647088887376e+03
1.338675341100544983e+03
1.350393985664616594e+03
1.362132531259056577e+03
1.373890928460332816e+03
1.385669127943697504e+03
1.397467080483450673e+03
1.409284736953194852e+03
1.421122048326079266e+03
1.432978965675063819e+03
1.444855440173135548e+03
1.456751423093575568e+03
1.468666865810166883e+03
1.480601719797433589e+03
1.492555936630861879e+03
1.504529467987116504e+03
1.516522265644254730e+03
1.528534281481936887e+03
1.540565467481628275e+03
1.552615775726799257e+03
