# mu
3.831509695282753114e+01
3.836146507321822696e+01
3.840697317997273785e+01
3.845165406308543510e+01
3.849553865792236707e+01
3.853865618261156101e+01
3.858103426294140093e+01
3.862269904610546689e+01
3.866367530446823508e+01
3.870398653038417081e+01
3.874365502298013553e+01
3.878270196770496625e+01
3.882114750935772918e+01
3.885901081922583700e+01
3.889631015689420224e+01
3.893306292722486717e+01
3.896928573295319609e+01
3.900499442329903843e+01
3.904020413894984642e+01
3.907492935373593923e+01
3.910918391328539201e+01
3.914298107091783407e+01
3.917633352101011468e+01
3.920925343004483921e+01
3.924175246553207330e+01
3.927384182297677739e+01
3.930553225104827675e+01
3.933683407509373353e+01
3.936775721912468384e+01
3.939831122639409244e+01
3.942850527867104660e+01
3.945834821431063233e+01
3.948784854520843624e+01
3.951701447272111523e+01
3.954585390262790412e+01
3.957437445920152186e+01
3.960258349845136649e+01
3.963048812059665238e+01
3.965809518182285842e+01
3.968541130536998196e+01
3.971244289199802324e+01
3.973919612987090488e+01
3.976567700389747273e+01
3.979189130456464341e+01
3.981784463629583115e+01
3.984354242536468149e+01
3.986898992739230607e+01
3.989419223445406715e+01
3.991915428182004177e+01
3.994388085435158331e+01
3.996837659257479203e+01
3.999264599845041346e+01
4.001669344085802038e+01
4.004052316081146756e+01
4.006413927642103801e+01
4.008754578761720921e+01
4.011074658064936216e+01
4.013374543237235059e+01
4.015654601433277548e+01
4.017915189666609876e+01
4.020156655181498451e+01
4.022379335807865175e+01
4.024583560300236229e+01
4.026769648661557710e+01
4.028937912452693126e+01
4.031088655088336736e+01
4.033222172120069615e+01
4.035338751507212862e+01
4.037438673876113882e+01
4.039522212768436304e+01
4.041589634879029802e+01
4.043641200283883563e+01
4.045677162658666504e+01
4.047697769488304687e+01
4.049703262268048576e+01
4.051693876696431573e+01
4.053669842860510641e+01
4.055631385413756362e+01
4.057578723746944149e+01
4.059512072152369910e+01
4.061431639981699959e+01
4.063337631797754312e+01
4.065230247520497642e+01
4.067109682567497941e+01
4.068976127989112967e+01
4.070829770598622588e+01
4.072670793097557862e+01
4.074499374196410173e+01
4.076315688730941389e+01
4.078119907774284059e+01
4.079912198745003593e+01
4.081692725511310016e+01
4.083461648491568496e+01
4.085219124751276354e+01
4.086965308096649352e+01
4.088700349164957970e+01
4.090424395511751499e+01
4.092137591695097143e+01
4.093840079356951378e+01
4.095531997301786475e+01
