# h
# unit = 1.0/Mpc
2.335048338198492861e-04
2.345640599771201256e-04
2.356395689519534466e-04
2.367313463297485512e-04
2.378393746226403879e-04
2.389636333516029297e-04
2.401040991293180527e-04
2.412607457436581550e-04
2.424335442416369066e-04
2.436224630136838505e-04
2.448274678781054326e-04
2.460485221655972325e-04
2.472855868036783226e-04
2.485386204009227716e-04
2.498075793308700623e-04
2.510924178154976547e-04
2.523930880081502542e-04
2.537095400758190475e-04
2.550417222806754952e-04
2.563895810607664388e-04
2.577530611097833546e-04
2.591321054558258464e-04
2.605266555390829968e-04
2.619366512883622650e-04
2.633620311964022360e-04
2.648027323939094253e-04
2.662586907222645521e-04
2.677298408048508441e-04
2.692161161169587323e-04
2.707174490542299072e-04
2.722337709996044183e-04
2.737650123887424083e-04
2.753111027738957108e-04
2.768719708862061603e-04
2.784475446964161985e-04
2.800377514739765404e-04
2.816425178445429336e-04
2.832617698458561009e-04
2.848954329820008007e-04
2.865434322760472574e-04
2.882056923210762098e-04
2.898821373295956531e-04
2.915726911813573533e-04
2.932772774695856558e-04
2.949958195456313273e-04
2.967282405620671830e-04
2.984744635142431166e-04
3.002344112803201023e-04
3.020080066598048005e-04
3.037951724106068832e-04
3.055958312846444500e-04
3.074099060620211167e-04
3.092373195838035607e-04
3.110779947834239737e-04
3.129318547167388078e-04
3.147988225907696739e-04
3.166788217911587562e-04
3.185717759083657387e-04
3.204776087626403421e-04
3.223962444277969261e-04
3.243276072538262304e-04
3.262716218883718474e-04
3.282282132971057424e-04
3.301973067830308466e-04
3.321788280047449312e-04
3.341727029936932447e-04
3.361788581704449903e-04
3.381972203600189567e-04
3.402277168062945714e-04
3.422702751855315759e-04
3.443248236190344833e-04
3.463912906849853980e-04
3.484696054294782121e-04
3.505596973767790615e-04
3.526614965388430185e-04
3.547749334241133141e-04
3.568999390456300321e-04
3.590364449284742950e-04
3.611843831165730424e-04
3.633436861788913973e-04
3.655142872150336005e-04
3.676961198602805392e-04
3.698891182900830598e-04
3.720932172240371417e-04
3.743083519293594150e-04
3.765344582238899676e-04
3.787714724786347444e-04
3.810193316198784408e-04
3.832779731308770511e-04
3.855473350531575007e-04
3.878273559874370504e-04
3.901179750941838830e-04
3.924191320938344310e-04
3.947307672666852825e-04
3.970528214524735944e-04
3.993852360496667232e-04
4.017279530144689335e-04
4.040809148595659998e-04
4.064440646526195754e-04
4.088173460145235242e-04
4.112007031174370691e-04
4.135940806826075519e-04
4.159974239779936451e-04
4.184106788157004007e-04
4.208337915492397965e-04
4.232667090706249656e-04
4.257093788073099279e-04
4.281617487189836040e-04
4.306237672942294964e-04
4.330953835470573816e-04
4.355765470133207262e-04
4.380672077470196117e-04
4.405673163165084666e-04
4.430768238006061658e-04
4.455956817846225921e-04
4.481238423563050212e-04
4.506612581017123528e-04
4.532078821010246698e-04
4.557636679242920807e-04
4.583285696271304378e-04
4.609025417463685358e-04
4.634855392956529195e-04
4.660775177610148516e-04
4.686784330964048097e-04
4.712882417191973836e-04
4.739069005056739474e-04
4.765343667864851106e-04
4.791705983420968518e-04
4.818155533982251609e-04
4.844691906212617353e-04
4.871314691136963701e-04
4.898023484095346321e-04
4.924817884697184605e-04
4.951697496775513217e-04
4.978661928341286767e-04
5.005710791537781520e-04
5.032843702595118538e-04
5.060060281784916920e-04
5.087360153375123772e-04
5.114742945585007894e-04
5.142208290540357290e-04
5.169755824228903281e-04
5.197385186455961460e-04
5.225096020800342606e-04
5.252887974570511886e-04
5.280760698761021278e-04
5.308713848009245567e-04
5.336747080552417576e-04
5.364860058184966985e-04
5.393052446216181151e-04
5.421323913428197690e-04
5.449674132034354858e-04
5.478102777637858505e-04
5.506609529190820921e-04
5.535194068953662883e-04
5.563856082454872410e-04
5.592595258451145152e-04
5.621411288887886906e-04
5.650303868860109694e-04
5.679272696573715992e-04
5.708317473307150496e-04
5.737437903373458466e-04
5.766633694082728967e-04
5.795904555704949014e-04
5.825250201433224183e-04
5.854670347347422062e-04
5.884164712378196251e-04
5.913733018271424531e-04
5.943374989553041688e-04
5.973090353494253961e-04
6.002878840077182851e-04
6.032740181960868876e-04
6.062674114447715512e-04
6.092680375450295260e-04
6.122758705458554700e-04
6.152908847507433708e-04
6.183130547144854387e-04
6.213423552400112234e-04
6.243787613752646787e-04
6.274222484101197152e-04
6.304727918733356523e-04
6.335303675295487743e-04
6.365949513763035673e-04
6.396665196411183271e-04
6.427450487785933740e-04
6.458305154675507117e-04
6.489228966082136911e-04
6.520221693194231056e-04
6.551283109358866773e-04
6.582412990054680108e-04
6.613611112865082874e-04
6.644877257451842819e-04
6.676211205529005311e-04
6.707612740837163049e-04
6.739081649118078146e-04
6.770617718089611036e-04
6.802220737421022347e-04
6.833890498708570767e-04
6.865626795451468690e-04
6.897429423028132766e-04
6.929298178672771641e-04
6.961232861452293537e-04
6.993233272243507643e-04
7.025299213710654031e-04
7.057430490283229550e-04
7.089626908134118383e-04
7.121888275158013175e-04
7.154214400950145150e-04
7.186605096785296130e-04
7.219060175597097860e-04
7.251579451957618650e-04
7.284162742057224320e-04
7.316809863684725374e-04
7.349520636207793056e-04
7.382294880553638868e-04
7.415132419189970556e-04
7.448033076106205059e-04
7.480996676794947082e-04
7.514023048233708360e-04
7.547112018866896895e-04
7.580263418588052303e-04
7.613477078722311010e-04
7.646752832009141420e-04
7.680090512585285075e-04
7.713489955967972123e-04
7.746950999038324350e-04
7.780473480025046611e-04
7.814057238488273304e-04
7.847702115303697816e-04
7.881407952646900380e-04
7.915174593977873261e-04
7.949001884025806144e-04
7.982889668774031987e-04
8.016837795445220074e-04
8.050846112486743618e-04
8.084914469556282648e-04
8.119042717507585173e-04
8.153230708376475559e-04
8.187478295366996256e-04
8.221785332837807563e-04
8.256151676288705577e-04
8.290577182347393841e-04
8.325061708756373172e-04
8.359605114360071096e-04
8.394207259092095969e-04
8.428868003962720944e-04
8.463587211046473113e-04
8.498364743469964417e-04
8.533200465399827734e-04
8.568094242030867627e-04
8.603045939574330368e-04
8.638055425246379945e-04
8.673122567256684673e-04
8.708247234797195698e-04
8.743429298031054524e-04
8.778668628081674015e-04
8.813965097021949496e-04
8.849318577863620567e-04
8.884728944546787946e-04
8.920196071929556089e-04
8.955719835777829763e-04
8.991300112755247226e-04
9.026936780413237016e-04
9.062629717181224344e-04
9.098378802356957848e-04
9.134183916096977286e-04
9.170044939407204828e-04
9.205961754133652362e-04
9.241934242953276247e-04
9.277962289364928561e-04
9.314045777680460140e-04
9.350184593015887580e-04
9.386378621282760824e-04
9.422627749179576274e-04
9.458931864183324359e-04
9.495290854541155266e-04
9.531704609262166110e-04
9.568173018109254243e-04
9.604695971591147279e-04
9.641273360954461316e-04
9.677905078175919615e-04
9.714591015954646093e-04
9.751331067704582410e-04
9.788125127546973368e-04
9.824973090302978069e-04
9.861874851486375406e-04
9.898830307296328096e-04
9.935839354610312597e-04
9.972901890977058786e-04
1.001001781460964576e-03
1.004718702437864533e-03
1.008440941980539348e-03
1.012168490105530083e-03
1.015901336893129106e-03
1.019639472486730866e-03
1.023382887092189617e-03
1.027131570977186893e-03
1.030885514470609608e-03
1.034644707961929894e-03
1.038409141900596645e-03
1.042178806795437474e-03
1.045953693214062398e-03
1.049733791782278157e-03
1.053519093183512062e-03
1.057309588158238459e-03
1.061105267503414940e-03
1.064906122071927882e-03
1.068712142772039290e-03
1.072523320566846211e-03
1.076339646473744487e-03
1.080161111563898149e-03
1.083987706961717697e-03
1.087819423844343155e-03
1.091656253441133624e-03
1.095498187033166386e-03
1.099345215952735131e-03
1.103197331582862935e-03
1.107054525356815020e-03
1.110916788757620620e-03
1.114784113317598968e-03
1.118656490617891573e-03
1.122533912288000346e-03
1.126416370005334407e-03
1.130303855494754067e-03
1.134196360528131513e-03
1.138093876923906714e-03
1.141996396546656562e-03
1.145903911306662493e-03
1.149816413159489162e-03
1.153733894105564645e-03
1.157656346189766053e-03
1.161583761501011657e-03
1.165516132171856263e-03
1.169453450378093312e-03
1.173395708338359359e-03
1.177342898313743546e-03
1.181295012607406179e-03
1.185252043564195140e-03
1.189213983570267712e-03
1.193180825052726508e-03
1.197152560479244334e-03
1.201129182357706408e-03
1.205110683235849529e-03
1.209097055700908852e-03
1.213088292379266601e-03
1.217084385936106862e-03
1.221085329075071021e-03
1.225091114537924268e-03
1.229101735104215368e-03
1.233117183590952490e-03
1.237137452852271223e-03
1.241162535779114081e-03
1.245192425298912841e-03
1.249227114375269345e-03
1.253266596007647591e-03
1.257310863231061917e-03
1.261359909115774289e-03
1.265413726766992028e-03
1.269472309324571170e-03
1.273535649962720048e-03
1.277603741889710024e-03
1.281676578347584273e-03
1.285754152611878276e-03
1.289836457991331425e-03
1.293923487827615100e-03
1.298015235495054032e-03
1.302111694400353951e-03
1.306212857982333355e-03
1.310318719711657445e-03
1.314429273090574014e-03
1.318544511652653675e-03
1.322664428962531599e-03
1.326789018615654684e-03
1.330918274238025896e-03
1.335052189485960326e-03
1.339190758045834739e-03
1.343333973633844929e-03
1.347481829995765676e-03
1.351634320906711789e-03
1.355791440170900884e-03
1.359953181621421578e-03
1.364119539120003423e-03
1.368290506556784671e-03
1.372466077850091745e-03
1.376646246946211776e-03
1.380831007819173810e-03
1.385020354470527845e-03
1.389214280929132548e-03
1.393412781250934294e-03
1.397615849518763116e-03
1.401823479842117170e-03
1.406035666356958251e-03
1.410252403225507097e-03
1.414473684636036741e-03
1.418699504802676918e-03
1.422929857965210673e-03
1.427164738388878766e-03
1.431404140364187991e-03
1.435648058206713410e-03
1.439896486256911010e-03
1.444149418879929264e-03
