# ee
4.008433222770690918e-02
6.733429431915283203e-02
7.790313661098480225e-02
7.123233377933502197e-02
5.432003736495971680e-02
3.565865010023117065e-02
2.107945270836353302e-02
1.248419191688299179e-02
8.804459124803543091e-03
7.774861995130777359e-03
7.382211275398731232e-03
6.906600203365087509e-03
6.098945625126361847e-03
5.328159313648939133e-03
5.010991357266902924e-03
5.137550644576549530e-03
5.575999151915311813e-03
6.133368704468011856e-03
6.654186639934778214e-03
7.194109726697206497e-03
7.858282886445522308e-03
8.738688193261623383e-03
9.904672391712665558e-03
1.134818699210882187e-02
1.303848251700401306e-02
1.493138913065195084e-02
1.699397154152393341e-02
1.925162971019744873e-02
2.173219993710517883e-02
2.441488206386566162e-02
2.727309428155422211e-02
3.030572086572647095e-02
3.352048993110656738e-02
3.693504258990287781e-02
4.056837037205696106e-02
4.443491250276565552e-02
4.854844883084297180e-02
5.292466655373573303e-02
5.757972598075866699e-02
6.252563744783401489e-02
6.775788217782974243e-02
7.326778024435043335e-02
7.904664427042007446e-02
8.508582413196563721e-02
9.137985110282897949e-02
9.793608635663986206e-02
1.047651320695877075e-01
1.118775680661201477e-01
1.192839741706848145e-01
1.269918084144592285e-01
1.349961608648300171e-01
1.432889550924301147e-01
1.518621146678924561e-01
1.607076078653335571e-01
1.698198169469833374e-01
1.792029291391372681e-01
1.888635754585266113e-01
1.988084167242050171e-01
2.090440690517425537e-01
2.195738554000854492e-01
2.303877621889114380e-01
2.414724677801132202e-01
2.528146803379058838e-01
2.644010186195373535e-01
2.762197256088256836e-01
2.882654666900634766e-01
3.005343377590179443e-01
3.130225539207458496e-01
3.257262408733367920e-01
3.386405408382415771e-01
3.517562150955200195e-01
3.650630414485931396e-01
3.785506784915924072e-01
3.922089338302612305e-01
4.060272574424743652e-01
4.199942946434020996e-01
4.340985119342803955e-01
4.483282566070556641e-01
4.626719951629638672e-01
4.771179556846618652e-01
4.916539192199707031e-01
5.062672495841979980e-01
5.209456086158752441e-01
5.356764793395996094e-01
5.504472255706787109e-01
5.652440786361694336e-01
5.800533890724182129e-01
5.948610901832580566e-01
6.096535325050354004e-01
6.244165897369384766e-01
6.391361355781555176e-01
6.537978053092956543e-01
6.683873534202575684e-01
6.828903555870056152e-01
6.972925662994384766e-01
7.115796208381652832e-01
7.257372736930847168e-01
7.397511005401611328e-01
7.536068558692932129e-01
7.672902345657348633e-01
7.807868719100952148e-01
7.940824031829833984e-01
8.071625828742980957e-01
8.200131058692932129e-01
8.326196074485778809e-01
8.449677824974060059e-01
8.570433259010314941e-01
8.688318729400634766e-01
8.803191781044006348e-01
8.914917707443237305e-01
9.023397564888000488e-01
9.128540158271789551e-01
9.230255484580993652e-01
9.328453540802001953e-01
9.423043727874755859e-01
9.513936638832092285e-01
9.601041078567504883e-01
9.684265851974487305e-01
9.763522744178771973e-01
9.838718771934509277e-01
9.909766912460327148e-01
9.976574182510375977e-01
1.003905057907104492e+00
1.009710669517517090e+00
1.015065193176269531e+00
1.019959449768066406e+00
1.024384737014770508e+00
1.028331637382507324e+00
1.031791448593139648e+00
1.034756898880004883e+00
1.037229895591735840e+00
1.039213895797729492e+00
1.040712475776672363e+00
1.041729211807250977e+00
1.042268037796020508e+00
1.042332291603088379e+00
1.041925668716430664e+00
1.041051983833312988e+00
1.039714813232421875e+00
1.037917494773864746e+00
1.035664081573486328e+00
1.032958030700683594e+00
1.029802918434143066e+00
1.026202559471130371e+00
1.022160291671752930e+00
1.017680048942565918e+00
1.012765288352966309e+00
1.007419705390930176e+00
1.001646995544433594e+00
9.954534769058227539e-01
9.888565540313720703e-01
9.818765521049499512e-01
9.745334386825561523e-01
9.668475389480590820e-01
9.588390588760375977e-01
9.505281448364257812e-01
9.419348835945129395e-01
9.330796599388122559e-01
9.239825010299682617e-01
9.146635532379150391e-01
9.051431417465209961e-01
8.954414129257202148e-01
8.855784535408020020e-01
8.755745291709899902e-01
8.654498457908630371e-01
8.552246093750000000e-01
8.449188470840454102e-01
8.345528841018676758e-01
8.241468667984008789e-01
8.137210011482238770e-01
8.032953739166259766e-01
7.928903102874755859e-01
7.825258374214172363e-01
7.722223401069641113e-01
7.620028853416442871e-01
7.519031763076782227e-01
7.419617772102355957e-01
7.322174310684204102e-01
7.227086424827575684e-01
7.134741544723510742e-01
7.045526504516601562e-01
6.959827542304992676e-01
6.878030300140380859e-01
6.800522208213806152e-01
6.727690100669860840e-01
6.659919619560241699e-01
6.597597002983093262e-01
6.541109681129455566e-01
6.490843892097473145e-01
6.447185873985290527e-01
6.410522460937500000e-01
6.381239295005798340e-01
6.359723806381225586e-01
6.346362233161926270e-01
6.341541409492492676e-01
6.345646977424621582e-01
6.359065771102905273e-01
6.382185220718383789e-01
6.415390372276306152e-01
6.459053754806518555e-01
6.513488292694091797e-01
6.578993201255798340e-01
6.655865907669067383e-01
6.744405627250671387e-01
6.844910383224487305e-01
6.957678794860839844e-01
7.083009481430053711e-01
7.221200466156005859e-01
7.372550964355468750e-01
7.537358403205871582e-01
7.715922594070434570e-01
7.908540964126586914e-01
8.115512132644653320e-01
8.337134718894958496e-01
8.573707342147827148e-01
8.825528025627136230e-01
9.092896580696105957e-01
9.376109838485717773e-01
9.675465822219848633e-01
9.991265535354614258e-01
1.032380580902099609e+00
1.067338347434997559e+00
1.104030132293701172e+00
1.142485380172729492e+00
1.182734131813049316e+00
1.224806189537048340e+00
1.268731355667114258e+00
1.314539551734924316e+00
1.362260580062866211e+00
1.411924362182617188e+00
1.463560700416564941e+00
1.517199277877807617e+00
1.572870254516601562e+00
1.630603194236755371e+00
1.690428018569946289e+00
1.752374887466430664e+00
1.816473126411437988e+00
1.882752895355224609e+00
1.951244115829467773e+00
2.021976232528686523e+00
2.094979524612426758e+00
2.170283555984497070e+00
2.247918605804443359e+00
2.327913999557495117e+00
2.410299777984619141e+00
2.495105743408203125e+00
2.582361936569213867e+00
2.672097921371459961e+00
2.764343738555908203e+00
2.859119176864624023e+00
2.956402301788330078e+00
3.056161642074584961e+00
3.158365488052368164e+00
3.262982368469238281e+00
3.369980096817016602e+00
3.479327201843261719e+00
3.590992212295532227e+00
3.704943418502807617e+00
3.821148633956909180e+00
3.939576387405395508e+00
4.060194969177246094e+00
4.182973384857177734e+00
4.307878494262695312e+00
4.434879779815673828e+00
4.563944816589355469e+00
4.695042610168457031e+00
4.828140735626220703e+00
4.963208198547363281e+00
5.100212574005126953e+00
5.239122390747070312e+00
5.379906654357910156e+00
5.522532463073730469e+00
5.666969299316406250e+00
5.813184261322021484e+00
5.961146831512451172e+00
6.110824108123779297e+00
6.262185573577880859e+00
6.415198802947998047e+00
6.569831848144531250e+00
6.726053714752197266e+00
6.883832454681396484e+00
7.043136596679687500e+00
7.203933715820312500e+00
7.366192340850830078e+00
7.529881000518798828e+00
7.694968700408935547e+00
7.861422061920166016e+00
8.029211044311523438e+00
8.198302268981933594e+00
8.368666648864746094e+00
8.540268898010253906e+00
8.713080406188964844e+00
8.887067794799804688e+00
9.062200546264648438e+00
9.238445281982421875e+00
9.415771484375000000e+00
9.594147682189941406e+00
9.773541450500488281e+00
9.953921318054199219e+00
1.013524818420410156e+01
1.031744956970214844e+01
1.050044918060302734e+01
1.068416786193847656e+01
1.086852550506591797e+01
1.105344486236572266e+01
1.123884773254394531e+01
1.142465400695800781e+01
1.161078548431396484e+01
1.179716491699218750e+01
1.198371219635009766e+01
1.217034912109375000e+01
1.235699748992919922e+01
1.254357910156250000e+01
1.273001289367675781e+01
1.291622352600097656e+01
1.310212993621826172e+01
1.328765487670898438e+01
1.347271823883056641e+01
1.365724372863769531e+01
1.384115123748779297e+01
1.402436161041259766e+01
1.420679664611816406e+01
1.438838005065917969e+01
1.456902980804443359e+01
1.474866962432861328e+01
1.492721939086914062e+01
1.510460186004638672e+01
1.528073692321777344e+01
1.545554637908935547e+01
1.562895393371582031e+01
1.580087661743164062e+01
1.597123908996582031e+01
1.613996315002441406e+01
1.630696868896484375e+01
1.647217559814453125e+01
1.663550758361816406e+01
1.679688644409179688e+01
1.695623207092285156e+01
1.711346626281738281e+01
1.726851081848144531e+01
1.742128753662109375e+01
1.757171630859375000e+01
1.771971702575683594e+01
1.786521720886230469e+01
1.800813293457031250e+01
1.814838600158691406e+01
1.828590011596679688e+01
1.842059516906738281e+01
1.855239295959472656e+01
1.868122291564941406e+01
1.880704879760742188e+01
1.892984580993652344e+01
1.904958152770996094e+01
1.916623115539550781e+01
1.927976608276367188e+01
1.939016151428222656e+01
1.949738693237304688e+01
1.960141372680664062e+01
1.970221710205078125e+01
1.979977035522460938e+01
1.989404106140136719e+01
1.998500633239746094e+01
2.007263565063476562e+01
2.015690422058105469e+01
2.023778152465820312e+01
2.031524085998535156e+01
2.038925552368164062e+01
2.045979690551757812e+01
2.052683830261230469e+01
2.059035110473632812e+01
2.065030860900878906e+01
2.070668220520019531e+01
2.075944519042968750e+01
2.080857086181640625e+01
2.085403060913085938e+01
2.089579391479492188e+01
2.093383789062500000e+01
2.096813201904296875e+01
2.099865150451660156e+01
2.102536392211914062e+01
2.104824829101562500e+01
2.106727027893066406e+01
2.108240699768066406e+01
2.109362792968750000e+01
2.110090637207031250e+01
2.110421562194824219e+01
2.110353088378906250e+01
2.109881591796875000e+01
2.109005355834960938e+01
2.107720756530761719e+01
2.106025314331054688e+01
2.103916549682617188e+01
2.101391601562500000e+01
2.098447227478027344e+01
2.095081329345703125e+01
2.091290664672851562e+01
2.087072753906250000e+01
2.082424926757812500e+01
2.077344131469726562e+01
2.071829414367675781e+01
2.065886688232421875e+01
2.059523391723632812e+01
2.052747344970703125e+01
2.045565795898437500e+01
2.037986755371093750e+01
2.030017471313476562e+01
2.021665573120117188e+01
2.012938499450683594e+01
2.003844261169433594e+01
1.994390106201171875e+01
1.984583854675292969e+01
1.974432754516601562e+01
1.963944625854492188e+01
1.953126907348632812e+01
1.941987228393554688e+01
1.930533218383789062e+01
1.918772506713867188e+01
1.906712341308593750e+01
1.894360733032226562e+01
1.881724929809570312e+01
1.868812751770019531e+01
1.855631637573242188e+01
1.842189216613769531e+01
1.828492927551269531e+01
1.814550590515136719e+01
1.800369644165039062e+01
1.785957527160644531e+01
1.771322250366210938e+01
1.756471061706542969e+01
1.741411399841308594e+01
1.726151084899902344e+01
1.710697746276855469e+01
1.695058631896972656e+01
1.679241943359375000e+01
1.663254547119140625e+01
1.647104454040527344e+01
1.630798912048339844e+01
1.614345932006835938e+01
1.597752857208251953e+01
1.581027221679687500e+01
1.564176750183105469e+01
1.547208786010742188e+01
1.530131053924560547e+01
1.512951183319091797e+01
1.495676708221435547e+01
1.478315067291259766e+01
1.460874176025390625e+01
1.443361282348632812e+01
1.425784206390380859e+01
1.408150672912597656e+01
1.390471172332763672e+01
1.372756290435791016e+01
1.355016803741455078e+01
1.337263202667236328e+01
1.319506168365478516e+01
1.301756477355957031e+01
1.284024715423583984e+01
1.266321563720703125e+01
1.248657798767089844e+01
1.231043910980224609e+01
1.213490676879882812e+01
1.196008777618408203e+01
1.178608798980712891e+01
1.161301422119140625e+01
1.144097518920898438e+01
1.127007484436035156e+01
1.110041999816894531e+01
1.093212032318115234e+01
1.076527976989746094e+01
1.060000610351562500e+01
1.043640518188476562e+01
1.027458477020263672e+01
1.011465072631835938e+01
9.956709861755371094e+00
9.800869941711425781e+00
9.647235870361328125e+00
9.495915412902832031e+00
9.347016334533691406e+00
9.200641632080078125e+00
9.056902885437011719e+00
8.915904045104980469e+00
8.777750968933105469e+00
8.642552375793457031e+00
8.510414123535156250e+00
8.381442070007324219e+00
8.255744934082031250e+00
8.133426666259765625e+00
8.014596939086914062e+00
7.899360179901123047e+00
7.787825107574462891e+00
7.680095672607421875e+00
7.576281070709228516e+00
7.476487159729003906e+00
7.380819797515869141e+00
7.289386749267578125e+00
7.202294349670410156e+00
7.119648933410644531e+00
7.041558265686035156e+00
6.968128681182861328e+00
6.899449825286865234e+00
6.835550308227539062e+00
6.776443481445312500e+00
6.722138404846191406e+00
6.672649383544921875e+00
6.627987384796142578e+00
6.588163852691650391e+00
6.553192138671875000e+00
6.523083209991455078e+00
6.497848987579345703e+00
6.477501869201660156e+00
6.462053775787353516e+00
6.451516151428222656e+00
6.445901870727539062e+00
6.445221900939941406e+00
6.449488639831542969e+00
6.458713531494140625e+00
6.472909450531005859e+00
6.492087364196777344e+00
6.516260147094726562e+00
6.545438766479492188e+00
6.579635620117187500e+00
6.618863582611083984e+00
6.663133144378662109e+00
6.712456703186035156e+00
6.766846656799316406e+00
6.826313972473144531e+00
6.890872478485107422e+00
6.960531711578369141e+00
7.035305500030517578e+00
7.115204811096191406e+00
7.200242042541503906e+00
7.290428638458251953e+00
7.385776996612548828e+00
7.486299514770507812e+00
7.592006206512451172e+00
7.702911853790283203e+00
7.819026470184326172e+00
7.940361976623535156e+00
8.066931724548339844e+00
8.198745727539062500e+00
8.335817337036132812e+00
8.478157997131347656e+00
8.625779151916503906e+00
8.778694152832031250e+00
8.936914443969726562e+00
9.100450515747070312e+00
9.269316673278808594e+00
9.443522453308105469e+00
9.623082160949707031e+00
9.807985305786132812e+00
9.998142242431640625e+00
1.019343948364257812e+01
1.039376831054687500e+01
1.059901618957519531e+01
1.080906963348388672e+01
1.102381992340087891e+01
1.124315452575683594e+01
1.146696186065673828e+01
1.169513130187988281e+01
1.192754936218261719e+01
1.216410636901855469e+01
1.240468978881835938e+01
1.264918804168701172e+01
1.289749145507812500e+01
1.314948654174804688e+01
1.340506267547607422e+01
1.366410732269287109e+01
1.392651176452636719e+01
1.419216060638427734e+01
1.446094608306884766e+01
1.473275375366210938e+01
1.500747489929199219e+01
1.528499507904052734e+01
1.556520462036132812e+01
1.584799289703369141e+01
1.613324546813964844e+01
1.642085266113281250e+01
1.671070289611816406e+01
1.700268554687500000e+01
1.729668807983398438e+01
1.759259986877441406e+01
1.789030838012695312e+01
1.818970108032226562e+01
1.849066734313964844e+01
1.879309844970703125e+01
1.909687995910644531e+01
1.940190124511718750e+01
1.970805168151855469e+01
2.001521492004394531e+01
2.032328796386718750e+01
2.063215255737304688e+01
2.094169998168945312e+01
2.125181770324707031e+01
2.156239318847656250e+01
2.187331771850585938e+01
2.218447875976562500e+01
2.249576377868652344e+01
2.280706214904785156e+01
2.311826324462890625e+01
2.342925453186035156e+01
2.373991394042968750e+01
2.405012893676757812e+01
2.435977935791015625e+01
2.466874504089355469e+01
2.497690582275390625e+01
2.528414916992187500e+01
2.559035110473632812e+01
2.589539718627929688e+01
2.619916152954101562e+01
2.650153541564941406e+01
2.680239295959472656e+01
2.710161972045898438e+01
2.739909553527832031e+01
2.769470024108886719e+01
2.798831939697265625e+01
2.827983093261718750e+01
2.856911659240722656e+01
2.885605812072753906e+01
2.914054107666015625e+01
2.942243957519531250e+01
2.970163917541503906e+01
2.997802162170410156e+01
3.025146865844726562e+01
3.052186012268066406e+01
3.078907775878906250e+01
3.105300331115722656e+01
3.131351852416992188e+01
3.157050132751464844e+01
3.182384109497070312e+01
3.207341384887695312e+01
3.231909942626953125e+01
3.256078338623046875e+01
3.279834365844726562e+01
3.303166580200195312e+01
3.326062774658203125e+01
3.348511505126953125e+01
3.370500183105468750e+01
3.392017364501953125e+01
3.413051605224609375e+01
3.433590698242187500e+01
3.453622436523437500e+01
3.473135375976562500e+01
3.492117691040039062e+01
3.510557556152343750e+01
3.528442764282226562e+01
3.545761108398437500e+01
3.562501907348632812e+01
3.578652572631835938e+01
3.594201278686523438e+01
3.609138870239257812e+01
3.623462295532226562e+01
3.637172698974609375e+01
3.650270843505859375e+01
3.662755966186523438e+01
3.674628829956054688e+01
3.685890197753906250e+01
3.696540069580078125e+01
3.706578445434570312e+01
3.716005706787109375e+01
3.724822616577148438e+01
3.733029174804687500e+01
3.740625762939453125e+01
3.747612380981445312e+01
3.753989791870117188e+01
3.759758377075195312e+01
3.764917755126953125e+01
3.769469070434570312e+01
3.773411560058593750e+01
3.776746749877929688e+01
3.779474639892578125e+01
3.781594848632812500e+01
3.783108139038085938e+01
3.784014892578125000e+01
3.784315490722656250e+01
3.784009933471679688e+01
3.783098983764648438e+01
3.781582260131835938e+01
3.779460525512695312e+01
3.776734161376953125e+01
3.773403549194335938e+01
3.769468688964843750e+01
3.764929962158203125e+01
3.759787750244140625e+01
3.754042434692382812e+01
3.747694396972656250e+01
3.740743255615234375e+01
3.733190155029296875e+01
3.725035095214843750e+01
3.716278076171875000e+01
3.706920242309570312e+01
3.696960830688476562e+01
3.686401367187500000e+01
3.675241088867187500e+01
3.663480758666992188e+01
3.651120376586914062e+01
3.638160705566406250e+01
3.624602127075195312e+01
3.610444259643554688e+01
3.595687866210937500e+01
3.580335617065429688e+01
3.564397811889648438e+01
3.547887802124023438e+01
3.530818176269531250e+01
3.513201522827148438e+01
3.495051574707031250e+01
3.476380538940429688e+01
3.457201766967773438e+01
3.437527465820312500e+01
3.417371368408203125e+01
3.396746063232421875e+01
3.375663757324218750e+01
3.354138565063476562e+01
3.332182693481445312e+01
3.309809112548828125e+01
3.287030410766601562e+01
3.263859939575195312e+01
3.240311050415039062e+01
3.216395568847656250e+01
3.192126655578613281e+01
3.167517662048339844e+01
3.142581176757812500e+01
3.117330360412597656e+01
3.091777801513671875e+01
3.065936279296875000e+01
3.039819335937500000e+01
3.013439178466796875e+01
2.986809158325195312e+01
2.959941864013671875e+01
2.932850265502929688e+01
2.905547332763671875e+01
2.878046226501464844e+01
2.850359153747558594e+01
2.822499656677246094e+01
2.794480323791503906e+01
2.766314315795898438e+01
2.738014030456542969e+01
2.709592819213867188e+01
2.681063461303710938e+01
2.652438735961914062e+01
2.623731613159179688e+01
2.594955062866210938e+01
2.566121864318847656e+01
2.537244987487792969e+01
2.508337211608886719e+01
2.479411697387695312e+01
2.450481033325195312e+01
2.421558189392089844e+01
2.392656326293945312e+01
2.363788032531738281e+01
2.334966278076171875e+01
2.306202888488769531e+01
2.277509880065917969e+01
2.248899078369140625e+01
2.220382499694824219e+01
2.191972160339355469e+01
2.163679695129394531e+01
2.135517120361328125e+01
2.107496452331542969e+01
2.079629325866699219e+01
2.051927947998046875e+01
2.024403953552246094e+01
1.997069549560546875e+01
1.969936180114746094e+01
1.943016433715820312e+01
1.916321563720703125e+01
1.889863777160644531e+01
1.863654899597167969e+01
1.837706947326660156e+01
1.812031745910644531e+01
1.786641120910644531e+01
1.761547088623046875e+01
1.736761474609375000e+01
1.712296295166015625e+01
1.688163375854492188e+01
1.664374542236328125e+01
1.640941810607910156e+01
1.617877006530761719e+01
1.595192241668701172e+01
1.572899055480957031e+01
1.551009654998779297e+01
1.529535961151123047e+01
1.508489608764648438e+01
1.487882709503173828e+01
1.467727184295654297e+01
1.448034667968750000e+01
1.428817367553710938e+01
1.410087108612060547e+01
1.391855812072753906e+01
1.374135112762451172e+01
1.356937408447265625e+01
1.340274238586425781e+01
1.324157619476318359e+01
1.308599376678466797e+01
1.293611526489257812e+01
1.279205989837646484e+01
1.265394496917724609e+01
1.252189064025878906e+01
1.239601612091064453e+01
1.227643966674804688e+01
1.216326045989990234e+01
1.205648708343505859e+01
1.195611000061035156e+01
1.186211776733398438e+01
1.177449989318847656e+01
1.169324493408203125e+01
1.161834335327148438e+01
1.154978275299072266e+01
1.148755264282226562e+01
1.143164348602294922e+01
1.138204193115234375e+01
1.133874034881591797e+01
1.130172443389892578e+01
1.127098655700683594e+01
1.124651336669921875e+01
1.122829532623291016e+01
1.121632099151611328e+01
1.121057987213134766e+01
1.121106052398681641e+01
1.121775341033935547e+01
1.123064613342285156e+01
1.124972820281982422e+01
1.127499008178710938e+01
1.130641937255859375e+01
1.134400558471679688e+01
1.138773727416992188e+01
1.143760585784912109e+01
1.149359893798828125e+01
1.155570411682128906e+01
1.162391281127929688e+01
1.169821357727050781e+01
1.177859592437744141e+01
1.186504745483398438e+01
1.195755863189697266e+01
1.205611801147460938e+01
1.216071605682373047e+01
1.227133941650390625e+01
1.238797950744628906e+01
1.251062488555908203e+01
1.263926506042480469e+01
1.277388668060302734e+01
1.291448211669921875e+01
1.306103897094726562e+01
1.321354675292968750e+01
1.337199401855468750e+01
1.353637027740478516e+01
1.370666503906250000e+01
1.388286781311035156e+01
1.406496620178222656e+01
1.425295162200927734e+01
1.444678878784179688e+01
1.464636993408203125e+01
1.485156154632568359e+01
1.506222915649414062e+01
1.527824020385742188e+01
1.549946594238281250e+01
1.572577095031738281e+01
1.595702075958251953e+01
1.619308662414550781e+01
1.643383407592773438e+01
1.667913246154785156e+01
1.692884635925292969e+01
1.718284606933593750e+01
1.744099617004394531e+01
1.770316696166992188e+01
1.796922302246093750e+01
1.823903465270996094e+01
1.851246643066406250e+01
1.878938865661621094e+01
1.906966781616210938e+01
1.935317039489746094e+01
1.963976669311523438e+01
1.992931938171386719e+01
2.022170066833496094e+01
2.051677513122558594e+01
2.081441116333007812e+01
2.111447715759277344e+01
2.141683959960937500e+01
2.172136497497558594e+01
2.202792167663574219e+01
2.233637809753417969e+01
2.264660072326660156e+01
2.295845603942871094e+01
2.327181434631347656e+01
2.358654022216796875e+01
2.390250396728515625e+01
2.421957015991210938e+01
2.453760910034179688e+01
2.485648536682128906e+01
2.517606735229492188e+01
2.549622535705566406e+01
2.581682205200195312e+01
2.613772773742675781e+01
2.645880889892578125e+01
2.677993392944335938e+01
2.710097122192382812e+01
2.742178726196289062e+01
2.774224853515625000e+01
2.806222343444824219e+01
2.838157653808593750e+01
2.870018386840820312e+01
2.901792335510253906e+01
2.933468055725097656e+01
2.965034484863281250e+01
2.996479225158691406e+01
3.027791213989257812e+01
3.058958816528320312e+01
3.089971160888671875e+01
3.120815849304199219e+01
3.151481628417968750e+01
3.181957054138183594e+01
3.212231063842773438e+01
3.242291259765625000e+01
3.272126770019531250e+01
3.301725769042968750e+01
3.331076812744140625e+01
3.360168457031250000e+01
3.388989257812500000e+01
3.417527389526367188e+01
3.445771789550781250e+01
3.473710250854492188e+01
3.501332092285156250e+01
3.528625106811523438e+01
3.555578231811523438e+01
3.582179641723632812e+01
3.608418273925781250e+01
3.634281921386718750e+01
3.659759521484375000e+01
3.684839248657226562e+01
3.709510040283203125e+01
3.733760070800781250e+01
3.757577896118164062e+01
3.780952453613281250e+01
3.803871154785156250e+01
3.826323699951171875e+01
3.848297500610351562e+01
3.869781494140625000e+01
3.890764236450195312e+01
3.911234283447265625e+01
3.931180191040039062e+01
3.950589752197265625e+01
3.969452285766601562e+01
3.987755966186523438e+01
4.005488967895507812e+01
4.022639846801757812e+01
4.039197540283203125e+01
4.055150222778320312e+01
4.070486831665039062e+01
4.085194778442382812e+01
4.099263763427734375e+01
4.112683486938476562e+01
4.125454330444335938e+01
4.137577056884765625e+01
4.149053955078125000e+01
4.159886550903320312e+01
4.170075988769531250e+01
4.179624938964843750e+01
4.188534545898437500e+01
4.196806335449218750e+01
4.204441833496093750e+01
4.211443710327148438e+01
4.217812347412109375e+01
4.223550415039062500e+01
4.228659057617187500e+01
4.233139801025390625e+01
4.236994934082031250e+01
4.240225601196289062e+01
4.242834091186523438e+01
4.244821166992187500e+01
4.246189498901367188e+01
4.246939468383789062e+01
4.247074127197265625e+01
4.246594619750976562e+01
4.245502090454101562e+01
4.243798828125000000e+01
4.241486358642578125e+01
4.238566589355468750e+01
4.235040664672851562e+01
4.230910873413085938e+01
4.226178359985351562e+01
4.220844650268554688e+01
4.214912033081054688e+01
4.208381652832031250e+01
4.201255798339843750e+01
4.193535614013671875e+01
4.185223007202148438e+01
4.176319503784179688e+01
4.166827011108398438e+01
4.156746673583984375e+01
4.146080780029296875e+01
4.134830856323242188e+01
4.122998428344726562e+01
4.110585021972656250e+01
4.097592926025390625e+01
4.084022903442382812e+01
4.069877243041992188e+01
4.055157470703125000e+01
4.039865493774414062e+01
4.024002456665039062e+01
4.007570266723632812e+01
3.990572738647460938e+01
3.973019409179687500e+01
3.954921340942382812e+01
3.936290359497070312e+01
3.917138671875000000e+01
3.897476959228515625e+01
3.877317047119140625e+01
3.856671142578125000e+01
3.835549545288085938e+01
3.813964462280273438e+01
3.791927719116210938e+01
3.769450378417968750e+01
3.746544265747070312e+01
3.723220443725585938e+01
3.699491500854492188e+01
3.675367736816406250e+01
3.650861358642578125e+01
3.625983810424804688e+01
3.600746536254882812e+01
3.575161361694335938e+01
3.549239730834960938e+01
3.522993087768554688e+01
3.496432876586914062e+01
3.469570922851562500e+01
3.442417907714843750e+01
3.414986801147460938e+01
3.387288665771484375e+01
3.359334182739257812e+01
3.331135559082031250e+01
3.302704620361328125e+01
3.274052047729492188e+01
3.245190429687500000e+01
3.216130828857421875e+01
3.186884307861328125e+01
3.157463073730468750e+01
3.127878761291503906e+01
3.098142051696777344e+01
3.068265342712402344e+01
3.038259887695312500e+01
3.008137321472167969e+01
2.977908897399902344e+01
2.947586250305175781e+01
2.917181396484375000e+01
2.886705017089843750e+01
2.856169509887695312e+01
2.825586128234863281e+01
2.794965934753417969e+01
2.764321136474609375e+01
2.733662986755371094e+01
2.703003120422363281e+01
2.672352790832519531e+01
2.641722679138183594e+01
2.611123275756835938e+01
2.580565261840820312e+01
2.550058937072753906e+01
2.519614791870117188e+01
2.489243507385253906e+01
2.458955383300781250e+01
2.428761100769042969e+01
2.398670768737792969e+01
2.368695449829101562e+01
2.338845062255859375e+01
2.309130668640136719e+01
2.279562187194824219e+01
2.250150680541992188e+01
2.220906257629394531e+01
2.191839408874511719e+01
2.162961006164550781e+01
2.134280967712402344e+01
2.105810165405273438e+01
2.077559280395507812e+01
2.049538230895996094e+01
2.021758079528808594e+01
1.994228935241699219e+01
1.966961479187011719e+01
1.939966201782226562e+01
1.913253593444824219e+01
1.886834144592285156e+01
1.860718345642089844e+01
1.834916496276855469e+01
1.809439277648925781e+01
1.784297180175781250e+01
1.759500885009765625e+01
1.735060501098632812e+01
1.710986709594726562e+01
1.687290191650390625e+01
1.663981056213378906e+01
1.641070175170898438e+01
1.618567848205566406e+01
1.596484375000000000e+01
1.574830722808837891e+01
1.553617000579833984e+01
1.532853889465332031e+01
1.512551879882812500e+01
1.492721271514892578e+01
1.473372840881347656e+01
1.454516887664794922e+01
1.436164093017578125e+01
1.418324661254882812e+01
1.401009273529052734e+01
1.384226608276367188e+01
1.367977619171142578e+01
1.352261734008789062e+01
1.337077713012695312e+01
1.322425270080566406e+01
1.308303356170654297e+01
1.294711208343505859e+01
1.281648063659667969e+01
1.269113254547119141e+01
1.257105731964111328e+01
1.245624923706054688e+01
1.234669971466064453e+01
1.224240016937255859e+01
1.214334392547607422e+01
1.204952239990234375e+01
1.196092796325683594e+01
1.187755298614501953e+01
1.179938888549804688e+01
1.172642803192138672e+01
1.165866374969482422e+01
1.159608650207519531e+01
1.153868770599365234e+01
1.148646259307861328e+01
1.143940067291259766e+01
1.139749431610107422e+01
1.136073780059814453e+01
1.132912063598632812e+01
1.130263614654541016e+01
1.128127574920654297e+01
1.126503276824951172e+01
1.125389766693115234e+01
1.124786472320556641e+01
1.124692440032958984e+01
1.125106906890869141e+01
1.126029205322265625e+01
1.127458381652832031e+01
1.129393672943115234e+01
1.131834316253662109e+01
1.134779644012451172e+01
1.138228702545166016e+01
1.142180824279785156e+01
1.146635150909423828e+01
1.151590919494628906e+01
1.157047271728515625e+01
1.163003540039062500e+01
1.169458770751953125e+01
1.176412391662597656e+01
1.183863449096679688e+01
1.191811180114746094e+01
1.200254917144775391e+01
1.209192276000976562e+01
1.218614864349365234e+01
1.228513050079345703e+01
1.238876914978027344e+01
1.249696731567382812e+01
1.260962486267089844e+01
1.272664546966552734e+01
1.284793186187744141e+01
1.297338390350341797e+01
1.310290527343750000e+01
1.323639678955078125e+01
1.337376022338867188e+01
1.351489830017089844e+01
1.365971183776855469e+01
1.380810546875000000e+01
1.395997619628906250e+01
1.411523151397705078e+01
1.427376842498779297e+01
1.443549251556396484e+01
1.460030460357666016e+01
1.476810550689697266e+01
1.493879699707031250e+01
1.511228275299072266e+01
1.528846454620361328e+01
1.546724224090576172e+01
1.564852046966552734e+01
1.583219814300537109e+01
1.601818084716796875e+01
1.620636558532714844e+01
1.639665985107421875e+01
1.658896255493164062e+01
1.678317451477050781e+01
1.697919845581054688e+01
1.717693901062011719e+01
1.737629508972167969e+01
1.757716941833496094e+01
1.777946281433105469e+01
1.798307991027832031e+01
1.818791961669921875e+01
1.839388656616210938e+01
1.860087966918945312e+01
1.880880355834960938e+01
1.901755905151367188e+01
1.922704887390136719e+01
1.943717384338378906e+01
1.964783668518066406e+01
1.985893821716308594e+01
2.007037925720214844e+01
2.028206443786621094e+01
2.049389648437500000e+01
2.070577621459960938e+01
2.091761779785156250e+01
2.112933349609375000e+01
2.134083747863769531e+01
2.155204582214355469e+01
2.176286697387695312e+01
2.197322273254394531e+01
2.218302154541015625e+01
2.239218139648437500e+01
2.260061073303222656e+01
2.280822563171386719e+01
2.301494407653808594e+01
2.322067642211914062e+01
2.342533493041992188e+01
2.362883758544921875e+01
2.383109474182128906e+01
2.403202247619628906e+01
2.423153495788574219e+01
2.442954635620117188e+01
2.462596702575683594e+01
2.482071495056152344e+01
2.501370429992675781e+01
2.520484542846679688e+01
2.539405441284179688e+01
2.558124732971191406e+01
2.576633262634277344e+01
2.594922828674316406e+01
2.612985038757324219e+01
2.630810737609863281e+01
2.648391532897949219e+01
2.665718841552734375e+01
2.682784271240234375e+01
2.699579048156738281e+01
2.716094207763671875e+01
2.732321739196777344e+01
2.748252868652343750e+01
2.763878631591796875e+01
2.779191017150878906e+01
2.794180870056152344e+01
2.808839797973632812e+01
2.823159408569335938e+01
2.837130546569824219e+01
2.850745201110839844e+01
2.863994598388671875e+01
2.876869964599609375e+01
2.889362525939941406e+01
2.901464271545410156e+01
2.913166236877441406e+01
2.924459648132324219e+01
2.935336303710937500e+01
2.945788574218750000e+01
2.955816078186035156e+01
2.965418624877929688e+01
2.974596595764160156e+01
2.983350372314453125e+01
2.991680526733398438e+01
2.999587440490722656e+01
3.007071304321289062e+01
3.014132690429687500e+01
3.020771789550781250e+01
3.026988792419433594e+01
3.032784461975097656e+01
3.038159370422363281e+01
3.043112945556640625e+01
3.047646713256835938e+01
3.051760292053222656e+01
3.055454063415527344e+01
3.058728790283203125e+01
3.061584281921386719e+01
3.064021682739257812e+01
3.066040802001953125e+01
3.067642211914062500e+01
3.068826103210449219e+01
3.069592857360839844e+01
3.069943237304687500e+01
3.069877433776855469e+01
3.069395256042480469e+01
3.068498039245605469e+01
3.067185401916503906e+01
3.065458106994628906e+01
3.063316345214843750e+01
3.060760307312011719e+01
3.057790946960449219e+01
3.054408264160156250e+01
3.050612640380859375e+01
3.046404075622558594e+01
3.041783523559570312e+01
3.036751365661621094e+01
3.031307792663574219e+01
3.025452804565429688e+01
3.019187545776367188e+01
3.012511634826660156e+01
3.005425834655761719e+01
2.997930335998535156e+01
2.990025901794433594e+01
2.981712722778320312e+01
2.972990608215332031e+01
2.963860702514648438e+01
2.954323005676269531e+01
2.944378089904785156e+01
2.934027290344238281e+01
2.923277282714843750e+01
2.912135696411132812e+01
2.900610542297363281e+01
2.888708877563476562e+01
2.876439476013183594e+01
2.863809585571289062e+01
2.850826454162597656e+01
2.837498474121093750e+01
2.823833274841308594e+01
2.809838485717773438e+01
2.795521926879882812e+01
2.780891036987304688e+01
2.765954017639160156e+01
2.750718307495117188e+01
2.735191535949707031e+01
2.719381713867187500e+01
2.703296852111816406e+01
2.686944007873535156e+01
2.670331382751464844e+01
2.653466606140136719e+01
2.636357307434082031e+01
2.619011306762695312e+01
2.601436424255371094e+01
2.583640480041503906e+01
2.565630722045898438e+01
2.547415542602539062e+01
2.529002189636230469e+01
2.510398674011230469e+01
2.491612815856933594e+01
2.472651863098144531e+01
2.453524208068847656e+01
2.434236907958984375e+01
2.414798355102539062e+01
2.395215988159179688e+01
2.375497436523437500e+01
2.355650711059570312e+01
2.335683250427246094e+01
2.315603065490722656e+01
2.295417785644531250e+01
2.275135040283203125e+01
2.254762649536132812e+01
2.234308624267578125e+01
2.213780212402343750e+01
2.193185615539550781e+01
2.172532272338867188e+01
2.151828002929687500e+01
2.131080627441406250e+01
2.110297775268554688e+01
2.089487075805664062e+01
2.068656349182128906e+01
2.047813034057617188e+01
2.026963424682617188e+01
2.006114768981933594e+01
1.985274314880371094e+01
1.964448738098144531e+01
1.943645286560058594e+01
1.922870826721191406e+01
1.902132225036621094e+01
1.881436729431152344e+01
1.860791015625000000e+01
1.840202522277832031e+01
1.819677734375000000e+01
1.799224090576171875e+01
1.778848457336425781e+01
1.758557510375976562e+01
1.738358688354492188e+01
1.718258666992187500e+01
1.698264503479003906e+01
1.678383445739746094e+01
1.658622169494628906e+01
1.638987731933593750e+01
1.619487190246582031e+01
1.600127601623535156e+01
1.580915832519531250e+01
1.561858940124511719e+01
1.542963886260986328e+01
1.524237632751464844e+01
1.505687332153320312e+01
1.487319660186767578e+01
1.469141960144042969e+01
1.451161003112792969e+01
1.433383846282958984e+01
1.415817546844482422e+01
1.398468971252441406e+01
1.381345176696777344e+01
1.364453315734863281e+01
1.347800064086914062e+01
1.331392669677734375e+01
1.315237903594970703e+01
1.299342823028564453e+01
1.283714675903320312e+01
1.268360137939453125e+01
1.253286361694335938e+01
1.238500308990478516e+01
1.224008941650390625e+01
1.209819221496582031e+01
1.195938205718994141e+01
1.182372856140136719e+01
1.169130229949951172e+01
1.156216144561767578e+01
1.143631744384765625e+01
1.131376934051513672e+01
1.119451904296875000e+01
1.107856750488281250e+01
1.096591281890869141e+01
1.085655593872070312e+01
1.075049686431884766e+01
1.064773654937744141e+01
1.054827594757080078e+01
1.045211315155029297e+01
1.035925006866455078e+01
1.026968669891357422e+01
1.018342113494873047e+01
1.010045719146728516e+01
1.002079200744628906e+01
9.944427490234375000e+00
9.871363639831542969e+00
9.801600456237792969e+00
9.735138893127441406e+00
9.671977043151855469e+00
9.612116813659667969e+00
9.555558204650878906e+00
9.502302169799804688e+00
9.452347755432128906e+00
9.405694961547851562e+00
9.362345695495605469e+00
9.322298049926757812e+00
9.285554885864257812e+00
9.252113342285156250e+00
9.221975326538085938e+00
9.195140838623046875e+00
9.171610832214355469e+00
9.151384353637695312e+00
9.134462356567382812e+00
9.120844841003417969e+00
9.110531806945800781e+00
9.103524208068847656e+00
9.099821090698242188e+00
9.099424362182617188e+00
9.102333068847656250e+00
9.108547210693359375e+00
9.118066787719726562e+00
9.130893707275390625e+00
9.147026062011718750e+00
9.166465759277343750e+00
9.189211845397949219e+00
9.215266227722167969e+00
9.244626998901367188e+00
9.277295112609863281e+00
9.313261985778808594e+00
9.352478027343750000e+00
9.394883155822753906e+00
9.440420150756835938e+00
9.489028930664062500e+00
9.540651321411132812e+00
9.595227241516113281e+00
9.652698516845703125e+00
9.713006019592285156e+00
9.776091575622558594e+00
9.841896057128906250e+00
9.910359382629394531e+00
9.981424331665039062e+00
1.005502986907958984e+01
1.013111972808837891e+01
1.020963287353515625e+01
1.029051017761230469e+01
1.037369441986083984e+01
1.045912551879882812e+01
1.054674530029296875e+01
1.063649368286132812e+01
1.072831344604492188e+01
1.082214355468750000e+01
1.091792678833007812e+01
1.101560401916503906e+01
1.111511516571044922e+01
1.121640205383300781e+01
1.131940650939941406e+01
1.142406845092773438e+01
1.153032970428466797e+01
1.163813018798828125e+01
1.174741268157958984e+01
1.185811614990234375e+01
1.197018432617187500e+01
1.208355617523193359e+01
1.219817352294921875e+01
1.231397724151611328e+01
1.243090820312500000e+01
1.254890823364257812e+01
1.266791820526123047e+01
1.278787803649902344e+01
1.290873050689697266e+01
1.303041553497314453e+01
1.315287494659423828e+01
1.327604961395263672e+01
1.339988040924072266e+01
1.352430725097656250e+01
1.364927387237548828e+01
1.377471923828125000e+01
1.390058517456054688e+01
1.402681255340576172e+01
1.415334606170654297e+01
1.428013038635253906e+01
1.440710830688476562e+01
1.453422451019287109e+01
1.466142368316650391e+01
1.478865051269531250e+01
1.491584682464599609e+01
1.504295921325683594e+01
1.516993141174316406e+01
1.529670810699462891e+01
1.542323207855224609e+01
1.554944896697998047e+01
1.567530250549316406e+01
1.580073738098144531e+01
1.592569541931152344e+01
1.605012512207031250e+01
1.617396736145019531e+01
1.629716873168945312e+01
1.641967010498046875e+01
1.654141807556152344e+01
1.666235733032226562e+01
1.678243255615234375e+01
1.690158462524414062e+01
1.701976203918457031e+01
1.713690376281738281e+01
1.725296020507812500e+01
1.736787223815917969e+01
1.748158264160156250e+01
1.759403991699218750e+01
1.770518302917480469e+01
1.781496238708496094e+01
1.792331695556640625e+01
1.803019332885742188e+01
1.813553428649902344e+01
1.823928833007812500e+01
1.834139251708984375e+01
1.844179916381835938e+01
1.854044532775878906e+01
1.863727951049804688e+01
1.873224449157714844e+01
1.882528305053710938e+01
1.891634559631347656e+01
1.900536727905273438e+01
1.909229850769042969e+01
1.917708396911621094e+01
1.925966453552246094e+01
1.933998680114746094e+01
1.941799354553222656e+01
1.949362945556640625e+01
1.956684494018554688e+01
1.963763236999511719e+01
1.970598793029785156e+01
1.977190208435058594e+01
1.983537292480468750e+01
1.989639854431152344e+01
1.995497322082519531e+01
2.001109123229980469e+01
2.006475448608398438e+01
2.011595344543457031e+01
2.016468620300292969e+01
2.021094703674316406e+01
2.025473594665527344e+01
2.029604339599609375e+01
2.033487129211425781e+01
2.037121009826660156e+01
2.040505981445312500e+01
2.043641471862792969e+01
2.046527099609375000e+01
2.049162483215332031e+01
2.051547050476074219e+01
2.053680801391601562e+01
2.055562973022460938e+01
2.057193374633789062e+01
2.058571434020996094e+01
2.059696960449218750e+01
2.060569190979003906e+01
2.061188125610351562e+01
2.061553192138671875e+01
2.061663818359375000e+01
2.061520004272460938e+01
2.061120986938476562e+01
2.060466575622558594e+01
2.059556388854980469e+01
2.058389854431152344e+01
2.056966781616210938e+01
2.055286407470703125e+01
2.053348731994628906e+01
2.051153182983398438e+01
2.048699378967285156e+01
2.045986747741699219e+01
2.043015289306640625e+01
2.039784431457519531e+01
2.036293411254882812e+01
2.032542228698730469e+01
2.028530502319335938e+01
2.024257659912109375e+01
2.019723129272460938e+01
2.014926910400390625e+01
2.009868431091308594e+01
2.004548072814941406e+01
1.998969268798828125e+01
1.993136215209960938e+01
1.987053108215332031e+01
1.980724143981933594e+01
1.974153709411621094e+01
1.967345809936523438e+01
1.960304641723632812e+01
1.953034591674804688e+01
1.945539855957031250e+01
1.937824630737304688e+01
1.929893112182617188e+01
1.921749305725097656e+01
1.913397789001464844e+01
1.904842376708984375e+01
1.896087646484375000e+01
1.887137603759765625e+01
1.877996826171875000e+01
1.868668937683105469e+01
1.859158515930175781e+01
1.849469566345214844e+01
1.839606475830078125e+01
1.829573440551757812e+01
1.819374847412109375e+01
1.809014701843261719e+01
1.798497009277343750e+01
1.787826156616210938e+01
1.777006721496582031e+01
1.766042327880859375e+01
1.754937553405761719e+01
1.743696594238281250e+01
1.732323455810546875e+01
1.720822715759277344e+01
1.709197998046875000e+01
1.697454071044921875e+01
1.685594940185546875e+01
1.673624992370605469e+01
1.661548233032226562e+01
1.649368667602539062e+01
1.637091064453125000e+01
1.624719238281250000e+01
1.612257385253906250e+01
1.599709987640380859e+01
1.587081146240234375e+01
1.574374866485595703e+01
1.561595630645751953e+01
1.548747634887695312e+01
1.535834980010986328e+01
1.522861671447753906e+01
1.509832382202148438e+01
1.496751213073730469e+01
1.483622264862060547e+01
1.470450019836425781e+01
1.457238960266113281e+01
1.443993186950683594e+01
1.430716991424560547e+01
1.417415046691894531e+01
1.404091644287109375e+01
1.390750885009765625e+01
1.377397155761718750e+01
1.364034938812255859e+01
1.350668525695800781e+01
1.337302303314208984e+01
1.323940563201904297e+01
1.310587596893310547e+01
1.297247886657714844e+01
1.283925628662109375e+01
1.270625114440917969e+01
1.257351016998291016e+01
1.244107246398925781e+01
1.230898571014404297e+01
1.217728996276855469e+01
1.204603099822998047e+01
1.191525077819824219e+01
1.178499221801757812e+01
1.165530109405517578e+01
1.152621936798095703e+01
1.139778995513916016e+01
1.127005767822265625e+01
1.114306545257568359e+01
1.101685619354248047e+01
1.089147281646728516e+01
1.076696014404296875e+01
1.064336109161376953e+01
1.052071952819824219e+01
1.039907836914062500e+01
1.027848052978515625e+01
1.015897083282470703e+01
1.004059123992919922e+01
9.923385620117187500e+00
9.807398796081542969e+00
9.692671775817871094e+00
9.579249382019042969e+00
9.467176437377929688e+00
9.356492996215820312e+00
9.247244834899902344e+00
9.139476776123046875e+00
9.033227920532226562e+00
8.928545951843261719e+00
8.825471878051757812e+00
8.724043846130371094e+00
8.624274253845214844e+00
8.526171684265136719e+00
8.429741859436035156e+00
8.334991455078125000e+00
8.241929054260253906e+00
8.150559425354003906e+00
8.060890197753906250e+00
7.972929954528808594e+00
7.886684417724609375e+00
7.802160263061523438e+00
7.719365119934082031e+00
7.638306617736816406e+00
7.558989524841308594e+00
7.481422424316406250e+00
7.405612945556640625e+00
7.331565856933593750e+00
7.259290695190429688e+00
7.188791751861572266e+00
7.120078563690185547e+00
7.053156852722167969e+00
6.988032817840576172e+00
6.924715042114257812e+00
6.863210201263427734e+00
6.803524494171142578e+00
6.745665073394775391e+00
6.689639091491699219e+00
6.635453701019287109e+00
6.583115577697753906e+00
6.532631874084472656e+00
6.484009742736816406e+00
6.437255859375000000e+00
6.392377376556396484e+00
6.349380970001220703e+00
6.308274269104003906e+00
6.269063472747802734e+00
6.231755733489990234e+00
6.196358680725097656e+00
6.162878990173339844e+00
6.131322860717773438e+00
6.101698398590087891e+00
6.074011325836181641e+00
6.048270225524902344e+00
6.024480819702148438e+00
6.002650737762451172e+00
5.982786178588867188e+00
5.964895248413085938e+00
5.948983669281005859e+00
5.935059547424316406e+00
5.923129558563232422e+00
5.913194179534912109e+00
5.905231952667236328e+00
5.899214267730712891e+00
5.895112991333007812e+00
5.892899990081787109e+00
5.892547130584716797e+00
5.894026279449462891e+00
5.897309303283691406e+00
5.902368545532226562e+00
5.909174919128417969e+00
5.917700767517089844e+00
5.927917957305908203e+00
5.939798355102539062e+00
5.953313827514648438e+00
5.968435764312744141e+00
5.985136985778808594e+00
6.003387928009033203e+00
6.023161888122558594e+00
6.044429779052734375e+00
6.067163467407226562e+00
6.091335773468017578e+00
6.116917610168457031e+00
6.143880844116210938e+00
6.172197818756103516e+00
6.201839923858642578e+00
6.232779502868652344e+00
6.264987945556640625e+00
6.298437118530273438e+00
6.333099365234375000e+00
6.368946075439453125e+00
6.405949115753173828e+00
6.444080352783203125e+00
6.483311653137207031e+00
6.523615360260009766e+00
6.564962387084960938e+00
6.607325553894042969e+00
6.650675773620605469e+00
6.694985866546630859e+00
6.740227222442626953e+00
6.786370754241943359e+00
6.833390235900878906e+00
6.881256103515625000e+00
6.929940700531005859e+00
6.979415416717529297e+00
7.029653072357177734e+00
7.080624103546142578e+00
7.132302284240722656e+00
7.184657096862792969e+00
7.237661838531494141e+00
7.291288852691650391e+00
7.345509052276611328e+00
7.400289535522460938e+00
7.455600738525390625e+00
7.511410236358642578e+00
7.567685127258300781e+00
7.624394893646240234e+00
7.681507110595703125e+00
7.738990306854248047e+00
7.796812057495117188e+00
7.854941368103027344e+00
7.913345813751220703e+00
7.971994876861572266e+00
8.030854225158691406e+00
8.089895248413085938e+00
8.149083137512207031e+00
8.208389282226562500e+00
8.267778396606445312e+00
8.327220916748046875e+00
8.386683464050292969e+00
8.446136474609375000e+00
8.505546569824218750e+00
8.564882278442382812e+00
8.624112129211425781e+00
8.683203697204589844e+00
8.742125511169433594e+00
8.800845146179199219e+00
8.859332084655761719e+00
8.917553901672363281e+00
8.975479125976562500e+00
9.033074378967285156e+00
9.090310096740722656e+00
9.147152900695800781e+00
9.203571319580078125e+00
9.259534835815429688e+00
9.315010070800781250e+00
9.369965553283691406e+00
9.424369812011718750e+00
9.478190422058105469e+00
9.531396865844726562e+00
9.583955764770507812e+00
9.635836601257324219e+00
9.687006950378417969e+00
9.737434387207031250e+00
9.787088394165039062e+00
9.835937500000000000e+00
9.883948326110839844e+00
9.931089401245117188e+00
9.977330207824707031e+00
1.002263736724853516e+01
1.006698036193847656e+01
1.011032962799072266e+01
1.015267658233642578e+01
1.019401073455810547e+01
1.023432540893554688e+01
1.027361488342285156e+01
1.031186962127685547e+01
1.034908199310302734e+01
1.038524627685546875e+01
1.042035388946533203e+01
1.045439720153808594e+01
1.048736763000488281e+01
1.051926040649414062e+01
1.055006599426269531e+01
1.057977771759033203e+01
1.060838794708251953e+01
1.063588809967041016e+01
1.066227149963378906e+01
1.068753147125244141e+01
1.071165943145751953e+01
1.073464870452880859e+01
1.075649070739746094e+01
1.077717876434326172e+01
1.079670429229736328e+01
1.081506061553955078e+01
1.083224105834960938e+01
1.084823703765869141e+01
1.086304187774658203e+01
1.087664604187011719e+01
1.088904380798339844e+01
1.090022754669189453e+01
1.091019058227539062e+01
1.091892242431640625e+01
1.092641830444335938e+01
1.093266963958740234e+01
1.093766975402832031e+01
1.094140911102294922e+01
1.094388294219970703e+01
1.094508171081542969e+01
1.094499969482421875e+01
1.094362735748291016e+01
1.094095802307128906e+01
1.093698501586914062e+01
1.093169975280761719e+01
1.092509460449218750e+01
1.091716289520263672e+01
1.090789699554443359e+01
1.089728832244873047e+01
1.088533210754394531e+01
1.087201690673828125e+01
1.085733795166015625e+01
1.084129238128662109e+01
1.082389163970947266e+01
1.080515480041503906e+01
1.078509998321533203e+01
1.076374530792236328e+01
1.074110794067382812e+01
1.071720695495605469e+01
1.069205951690673828e+01
1.066568374633789062e+01
1.063809776306152344e+01
1.060931873321533203e+01
1.057936573028564453e+01
1.054825592041015625e+01
1.051600837707519531e+01
1.048263931274414062e+01
1.044816780090332031e+01
1.041261196136474609e+01
1.037598991394042969e+01
1.033831787109375000e+01
1.029961490631103516e+01
1.025990009307861328e+01
1.021919059753417969e+01
1.017750263214111328e+01
1.013485717773437500e+01
1.009126949310302734e+01
1.004675865173339844e+01
1.000134372711181641e+01
9.955040931701660156e+00
9.907869338989257812e+00
9.859847068786621094e+00
9.810990333557128906e+00
9.761318206787109375e+00
9.710849761962890625e+00
9.659601211547851562e+00
9.607589721679687500e+00
9.554836273193359375e+00
9.501358032226562500e+00
9.447171211242675781e+00
9.392293930053710938e+00
9.336746215820312500e+00
9.280544281005859375e+00
9.223705291748046875e+00
9.166250228881835938e+00
9.108194351196289062e+00
9.049556732177734375e+00
8.990355491638183594e+00
8.930607795715332031e+00
8.870331764221191406e+00
8.809545516967773438e+00
8.748268127441406250e+00
8.686516761779785156e+00
8.624313354492187500e+00
8.561680793762207031e+00
8.498642921447753906e+00
8.435221672058105469e+00
8.371438026428222656e+00
8.307316780090332031e+00
8.242880821228027344e+00
8.178151130676269531e+00
8.113150596618652344e+00
8.047904014587402344e+00
7.982430934906005859e+00
7.916756629943847656e+00
7.850901603698730469e+00
7.784889698028564453e+00
7.718744277954101562e+00
7.652486324310302734e+00
7.586140155792236328e+00
7.519727230072021484e+00
7.453270435333251953e+00
7.386793136596679688e+00
7.320316791534423828e+00
7.253864288330078125e+00
7.187459945678710938e+00
7.121124267578125000e+00
7.054881095886230469e+00
6.988753318786621094e+00
6.922762393951416016e+00
6.856931686401367188e+00
6.791284084320068359e+00
6.725841999053955078e+00
6.660628318786621094e+00
6.595665454864501953e+00
6.530975818634033203e+00
6.466582298278808594e+00
6.402507781982421875e+00
6.338775157928466797e+00
6.275405883789062500e+00
6.212423801422119141e+00
6.149851322174072266e+00
6.087710380554199219e+00
6.026024818420410156e+00
5.964816570281982422e+00
5.904108047485351562e+00
5.843922615051269531e+00
5.784282684326171875e+00
5.725210666656494141e+00
5.666729450225830078e+00
5.608861446380615234e+00
5.551630020141601562e+00
5.495054244995117188e+00
5.439143657684326172e+00
5.383906364440917969e+00
5.329348564147949219e+00
5.275476455688476562e+00
5.222298145294189453e+00
5.169820785522460938e+00
5.118050098419189453e+00
5.066993713378906250e+00
5.016658306121826172e+00
4.967051029205322266e+00
4.918179035186767578e+00
4.870048522949218750e+00
4.822667598724365234e+00
4.776041984558105469e+00
4.730179309844970703e+00
4.685085773468017578e+00
4.640769481658935547e+00
4.597237110137939453e+00
4.554494380950927734e+00
4.512549877166748047e+00
4.471409320831298828e+00
4.431079864501953125e+00
4.391569137573242188e+00
4.352883338928222656e+00
4.315030097961425781e+00
4.278015613555908203e+00
4.241846561431884766e+00
4.206531524658203125e+00
4.172075748443603516e+00
4.138487339019775391e+00
4.105772018432617188e+00
4.073937892913818359e+00
4.042990684509277344e+00
4.012938976287841797e+00
3.983788251876831055e+00
3.955546379089355469e+00
3.928219556808471680e+00
3.901814937591552734e+00
3.876340150833129883e+00
3.851801156997680664e+00
3.828205108642578125e+00
3.805559396743774414e+00
3.783870935440063477e+00
3.763145923614501953e+00
3.743392229080200195e+00
3.724616289138793945e+00
3.706824779510498047e+00
3.690025091171264648e+00
3.674224138259887695e+00
3.659425735473632812e+00
3.645621538162231445e+00
3.632800340652465820e+00
3.620951175689697266e+00
3.610061883926391602e+00
3.600121974945068359e+00
3.591120004653930664e+00
3.583044290542602539e+00
3.575883865356445312e+00
3.569627761840820312e+00
3.564263820648193359e+00
3.559781074523925781e+00
3.556168794631958008e+00
3.553415060043334961e+00
3.551508665084838867e+00
3.550438642501831055e+00
3.550193309783935547e+00
3.550761938095092773e+00
3.552132606506347656e+00
3.554294347763061523e+00
3.557235479354858398e+00
3.560945272445678711e+00
3.565412282943725586e+00
3.570625066757202148e+00
3.576572179794311523e+00
3.583242416381835938e+00
3.590625047683715820e+00
3.598707914352416992e+00
3.607480287551879883e+00
3.616930484771728516e+00
3.627047777175903320e+00
3.637820243835449219e+00
3.649237155914306641e+00
3.661286354064941406e+00
3.673957824707031250e+00
3.687238931655883789e+00
3.701119661331176758e+00
3.715587854385375977e+00
3.730632305145263672e+00
3.746241807937622070e+00
3.762405395507812500e+00
3.779111385345458984e+00
3.796348333358764648e+00
3.814105749130249023e+00
3.832371234893798828e+00
3.851134300231933594e+00
3.870383739471435547e+00
3.890107631683349609e+00
3.910294771194458008e+00
3.930934190750122070e+00
3.952014207839965820e+00
3.973518610000610352e+00
3.995431900024414062e+00
4.017738819122314453e+00
4.040422439575195312e+00
4.063467502593994141e+00
4.086857318878173828e+00
4.110576629638671875e+00
4.134609222412109375e+00
4.158939361572265625e+00
4.183550834655761719e+00
4.208428382873535156e+00
4.233555316925048828e+00
4.258914947509765625e+00
4.284493446350097656e+00
4.310273170471191406e+00
4.336238861083984375e+00
4.362374305725097656e+00
4.388664245605468750e+00
4.415091037750244141e+00
4.441640853881835938e+00
4.468297004699707031e+00
4.495042800903320312e+00
4.521862506866455078e+00
4.548741340637207031e+00
4.575662136077880859e+00
4.602609157562255859e+00
4.629566669464111328e+00
4.656519412994384766e+00
4.683450222015380859e+00
4.710343837738037109e+00
4.737184047698974609e+00
4.763955116271972656e+00
4.790641307830810547e+00
4.817225933074951172e+00
4.843693733215332031e+00
4.870028495788574219e+00
4.896214485168457031e+00
4.922235488891601562e+00
4.948075771331787109e+00
4.973719120025634766e+00
4.999149799346923828e+00
5.024352550506591797e+00
5.049310207366943359e+00
5.074007034301757812e+00
5.098427772521972656e+00
5.122556209564208984e+00
5.146376609802246094e+00
5.169872283935546875e+00
5.193027973175048828e+00
5.215828418731689453e+00
5.238267898559570312e+00
5.260337829589843750e+00
5.282032966613769531e+00
5.303347587585449219e+00
5.324275016784667969e+00
5.344809055328369141e+00
5.364943504333496094e+00
5.384671688079833984e+00
5.403988361358642578e+00
5.422886371612548828e+00
5.441359996795654297e+00
5.459403514862060547e+00
5.477010250091552734e+00
5.494173049926757812e+00
5.510887145996093750e+00
5.527145385742187500e+00
5.542942523956298828e+00
5.558271408081054688e+00
5.573126316070556641e+00
5.587500572204589844e+00
5.601388931274414062e+00
5.614783763885498047e+00
5.627680301666259766e+00
5.640071392059326172e+00
5.651951313018798828e+00
5.663313388824462891e+00
5.674151897430419922e+00
5.684460639953613281e+00
5.694232463836669922e+00
5.703462600708007812e+00
5.712143898010253906e+00
5.720270156860351562e+00
5.727835655212402344e+00
5.734833717346191406e+00
5.741258144378662109e+00
5.747103214263916016e+00
5.752362728118896484e+00
5.757030010223388672e+00
5.761098384857177734e+00
5.764562606811523438e+00
5.767416477203369141e+00
5.769652843475341797e+00
5.771266460418701172e+00
5.772250652313232422e+00
5.772599220275878906e+00
5.772306442260742188e+00
5.771365165710449219e+00
5.769770145416259766e+00
5.767514705657958984e+00
5.764594554901123047e+00
5.761014461517333984e+00
5.756780624389648438e+00
5.751899242401123047e+00
5.746377944946289062e+00
5.740221500396728516e+00
5.733438491821289062e+00
5.726033210754394531e+00
5.718013286590576172e+00
5.709384918212890625e+00
5.700155258178710938e+00
5.690329551696777344e+00
5.679915428161621094e+00
5.668918609619140625e+00
5.657345294952392578e+00
5.645203113555908203e+00
5.632497787475585938e+00
5.619235515594482422e+00
5.605423450469970703e+00
5.591067314147949219e+00
5.576174736022949219e+00
5.560750961303710938e+00
5.544802665710449219e+00
5.528337001800537109e+00
5.511360168457031250e+00
5.493878364562988281e+00
5.475898265838623047e+00
5.457426548004150391e+00
5.438468933105468750e+00
5.419032573699951172e+00
5.399123668670654297e+00
5.378748893737792969e+00
5.357914447784423828e+00
5.336627006530761719e+00
5.314892768859863281e+00
5.292718887329101562e+00
5.270111083984375000e+00
5.247076034545898438e+00
5.223620414733886719e+00
5.199750423431396484e+00
5.175472736358642578e+00
5.150794029235839844e+00
5.125720024108886719e+00
5.100257873535156250e+00
5.074414253234863281e+00
5.048194408416748047e+00
5.021606445312500000e+00
4.994655609130859375e+00
4.967349052429199219e+00
4.939692020416259766e+00
4.911693572998046875e+00
4.883362770080566406e+00
4.854710578918457031e+00
4.825747966766357422e+00
4.796485424041748047e+00
4.766934871673583984e+00
4.737105846405029297e+00
4.707009792327880859e+00
4.676657676696777344e+00
4.646060466766357422e+00
4.615228176116943359e+00
4.584172725677490234e+00
4.552904605865478516e+00
4.521434307098388672e+00
4.489773273468017578e+00
4.457931995391845703e+00
4.425921440124511719e+00
4.393752574920654297e+00
4.361435890197753906e+00
4.328982830047607422e+00
4.296403884887695312e+00
4.263709545135498047e+00
4.230911731719970703e+00
4.198019981384277344e+00
4.165046215057373047e+00
4.132000446319580078e+00
4.098894596099853516e+00
4.065738677978515625e+00
4.032543659210205078e+00
3.999320983886718750e+00
3.966080665588378906e+00
3.932834148406982422e+00
3.899591684341430664e+00
3.866364955902099609e+00
3.833164453506469727e+00
3.800000905990600586e+00
3.766885042190551758e+00
3.733828306198120117e+00
3.700841426849365234e+00
3.667934417724609375e+00
3.635119199752807617e+00
3.602406024932861328e+00
3.569806098937988281e+00
3.537329912185668945e+00
3.504988670349121094e+00
3.472792863845825195e+00
3.440753698348999023e+00
3.408882141113281250e+00
3.377188682556152344e+00
3.345684289932250977e+00
3.314378976821899414e+00
3.283278703689575195e+00
3.252388715744018555e+00
3.221714735031127930e+00
3.191261053085327148e+00
3.161033391952514648e+00
3.131036758422851562e+00
3.101276874542236328e+00
3.071758031845092773e+00
3.042485952377319336e+00
3.013465881347656250e+00
2.984702825546264648e+00
2.956202268600463867e+00
2.927968978881835938e+00
2.900008440017700195e+00
2.872325658798217773e+00
2.844926118850708008e+00
2.817814588546752930e+00
2.790996551513671875e+00
2.764477252960205078e+00
2.738261699676513672e+00
2.712355136871337891e+00
2.686762809753417969e+00
2.661489963531494141e+00
2.636541604995727539e+00
2.611922979354858398e+00
2.587639331817626953e+00
2.563695907592773438e+00
2.540097951889038086e+00
2.516850471496582031e+00
2.493958711624145508e+00
2.471427917480468750e+00
2.449263334274291992e+00
2.427469968795776367e+00
2.406053066253662109e+00
2.385017871856689453e+00
2.364369630813598633e+00
2.344113588333129883e+00
2.324254751205444336e+00
2.304798603057861328e+00
2.285749912261962891e+00
2.267114162445068359e+00
2.248896360397338867e+00
2.231101989746093750e+00
2.213735818862915039e+00
2.196803569793701172e+00
2.180310010910034180e+00
2.164260387420654297e+00
2.148660182952880859e+00
2.133514404296875000e+00
2.118826627731323242e+00
2.104594945907592773e+00
2.090816259384155273e+00
2.077486991882324219e+00
2.064603805541992188e+00
2.052163124084472656e+00
2.040161609649658203e+00
2.028595924377441406e+00
2.017462730407714844e+00
2.006758451461791992e+00
1.996479868888854980e+00
1.986623525619506836e+00
1.977185964584350586e+00
1.968163728713989258e+00
1.959553599357604980e+00
1.951352238655090332e+00
1.943556070327758789e+00
1.936161518096923828e+00
1.929165601730346680e+00
1.922564625740051270e+00
1.916355252265930176e+00
1.910534143447875977e+00
1.905097842216491699e+00
1.900043249130249023e+00
1.895366430282592773e+00
1.891064286231994629e+00
1.887133359909057617e+00
1.883570194244384766e+00
1.880371689796447754e+00
1.877534031867980957e+00
1.875054240226745605e+00
1.872928619384765625e+00
1.871153712272644043e+00
1.869726419448852539e+00
1.868643164634704590e+00
1.867900371551513672e+00
1.867495059967041016e+00
1.867423534393310547e+00
1.867682456970214844e+00
1.868268489837646484e+00
1.869178175926208496e+00
1.870408058166503906e+00
1.871954917907714844e+00
1.873815059661865234e+00
1.875985503196716309e+00
1.878462433815002441e+00
1.881242871284484863e+00
1.884323000907897949e+00
1.887699604034423828e+00
1.891369223594665527e+00
1.895327925682067871e+00
1.899569511413574219e+00
1.904086470603942871e+00
1.908872246742248535e+00
1.913919448852539062e+00
1.919221043586730957e+00
1.924770355224609375e+00
1.930559992790222168e+00
1.936583280563354492e+00
1.942832708358764648e+00
1.949301719665527344e+00
1.955983042716979980e+00
1.962869882583618164e+00
1.969954848289489746e+00
1.977230906486511230e+00
1.984691262245178223e+00
1.992329120635986328e+00
2.000136852264404297e+00
2.008108139038085938e+00
2.016235113143920898e+00
2.024511337280273438e+00
2.032929658889770508e+00
2.041482925415039062e+00
2.050164222717285156e+00
2.058966636657714844e+00
2.067882776260375977e+00
2.076905965805053711e+00
2.086029052734375000e+00
2.095245122909545898e+00
2.104547023773193359e+00
2.113927364349365234e+00
2.123379707336425781e+00
2.132896900177001953e+00
2.142471551895141602e+00
2.152096986770629883e+00
2.161766290664672852e+00
2.171472072601318359e+00
2.181207180023193359e+00
2.190965414047241211e+00
2.200738906860351562e+00
2.210520744323730469e+00
2.220304250717163086e+00
2.230082035064697266e+00
2.239847421646118164e+00
2.249593019485473633e+00
2.259312152862548828e+00
2.268997669219970703e+00
2.278642654418945312e+00
2.288239479064941406e+00
2.297781705856323242e+00
2.307262897491455078e+00
2.316677808761596680e+00
2.326023101806640625e+00
2.335294246673583984e+00
2.344487190246582031e+00
2.353598356246948242e+00
2.362622976303100586e+00
2.371557474136352539e+00
2.380397558212280273e+00
2.389138936996459961e+00
2.397778034210205078e+00
2.406310558319091797e+00
2.414732456207275391e+00
2.423039436340332031e+00
2.431227684020996094e+00
2.439293146133422852e+00
2.447231292724609375e+00
2.455038785934448242e+00
2.462710857391357422e+00
2.470243930816650391e+00
2.477633714675903320e+00
2.484875917434692383e+00
2.491966962814331055e+00
2.498902320861816406e+00
2.505678176879882812e+00
2.512290716171264648e+00
2.518735170364379883e+00
2.525007963180541992e+00
2.531104564666748047e+00
2.537021636962890625e+00
2.542754650115966797e+00
2.548299551010131836e+00
2.553652286529541016e+00
2.558808565139770508e+00
2.563764810562133789e+00
2.568516492843627930e+00
2.573060035705566406e+00
2.577390670776367188e+00
2.581504821777343750e+00
2.585398435592651367e+00
2.589066982269287109e+00
2.592507123947143555e+00
2.595714092254638672e+00
2.598684072494506836e+00
2.601413011550903320e+00
2.603896856307983398e+00
2.606131553649902344e+00
2.608112812042236328e+00
2.609836816787719727e+00
2.611299276351928711e+00
2.612497568130493164e+00
2.613431930541992188e+00
2.614104270935058594e+00
2.614516496658325195e+00
2.614670276641845703e+00
2.614567518234252930e+00
2.614209890365600586e+00
2.613599300384521484e+00
2.612737178802490234e+00
2.611625432968139648e+00
2.610266208648681641e+00
2.608660697937011719e+00
2.606811285018920898e+00
2.604719400405883789e+00
2.602386713027954102e+00
2.599815130233764648e+00
2.597006559371948242e+00
2.593962669372558594e+00
2.590685129165649414e+00
2.587175846099853516e+00
2.583436489105224609e+00
2.579468965530395508e+00
2.575274944305419922e+00
2.570856094360351562e+00
2.566214561462402344e+00
2.561351776123046875e+00
2.556269645690917969e+00
2.550970077514648438e+00
2.545454263687133789e+00
2.539724588394165039e+00
2.533782720565795898e+00
2.527630329132080078e+00
2.521269321441650391e+00
2.514701128005981445e+00
2.507928133010864258e+00
2.500951528549194336e+00
2.493772983551025391e+00
2.486394882202148438e+00
2.478818655014038086e+00
2.471046447753906250e+00
2.463079214096069336e+00
2.454919338226318359e+00
2.446568727493286133e+00
2.438028812408447266e+00
2.429301500320434570e+00
2.420388221740722656e+00
2.411291360855102539e+00
2.402012348175048828e+00
2.392552852630615234e+00
2.382914781570434570e+00
2.373100519180297852e+00
2.363112688064575195e+00
2.352955102920532227e+00
2.342631578445434570e+00
2.332145452499389648e+00
2.321500062942504883e+00
2.310698986053466797e+00
2.299746274948120117e+00
2.288644790649414062e+00
2.277398109436035156e+00
2.266010284423828125e+00
2.254484653472900391e+00
2.242824316024780273e+00
2.231033563613891602e+00
2.219115257263183594e+00
2.207073211669921875e+00
2.194911241531372070e+00
2.182632207870483398e+00
2.170240163803100586e+00
2.157738685607910156e+00
2.145130634307861328e+00
2.132420539855957031e+00
2.119611263275146484e+00
2.106706619262695312e+00
2.093709945678710938e+00
2.080624818801879883e+00
2.067455053329467773e+00
2.054203748703002930e+00
2.040874719619750977e+00
2.027471303939819336e+00
2.013997554779052734e+00
2.000456333160400391e+00
1.986851572990417480e+00
1.973186612129211426e+00
1.959465265274047852e+00
1.945690751075744629e+00
1.931866645812988281e+00
1.917996644973754883e+00
1.904084324836730957e+00
1.890132904052734375e+00
1.876146316528320312e+00
1.862127780914306641e+00
1.848080992698669434e+00
1.834009528160095215e+00
1.819916725158691406e+00
1.805806279182434082e+00
1.791681885719299316e+00
1.777546644210815430e+00
1.763404488563537598e+00
1.749258518218994141e+00
