# k_h
1.028193946694955230e-05
1.123233163457732346e-05
1.227057155458601448e-05
1.340477927242764592e-05
1.464382539502400342e-05
1.599740046753592583e-05
1.747609076284668440e-05
1.909146107650688731e-05
2.085614517467787693e-05
2.278394460246445304e-05
2.488993662541412764e-05
2.719059214839039586e-05
2.970390453406018851e-05
3.244953032848136611e-05
3.544894299440103395e-05
3.872560085460900037e-05
4.230513055882520761e-05
4.621552750901333534e-05
5.048737481063746889e-05
5.515408246227791945e-05
6.025214865429727809e-05
6.582144522016949366e-05
7.190552947297716409e-05
7.855198486594204197e-05
8.581279314128536693e-05
9.374474087798368013e-05
1.024098636180189236e-04
1.118759310446217656e-04
1.222169770070736020e-04
1.335138785373766979e-04
1.458549883872651567e-04
1.593368260326118255e-04
1.740648325495564280e-04
1.901541952662207503e-04
2.077307486395887622e-04
2.269319584032842923e-04
2.479079966832391517e-04
2.708229164897007438e-04
2.958559347712490456e-04
3.232028340655518947e-04
3.530774937091307416e-04
3.857135625816851608e-04
4.213662864674632530e-04
4.603145043254201546e-04
5.028628290809369038e-04
5.493440299950142890e-04
6.001216352433780916e-04
6.555927750602016544e-04
7.161912876825894756e-04
7.823911123873267780e-04
8.547099961567425352e-04
9.337135429634157340e-04
1.020019637343066608e-03
1.114303276852274477e-03
1.217301851205538190e-03
1.329820909379663156e-03
1.452740459789836520e-03
1.587021852810899030e-03
1.733715299471801129e-03
1.893968085126770213e-03
2.069033542342059353e-03
2.260280853174985449e-03
2.469205757508606547e-03
2.697442251191621305e-03
2.946775365474321381e-03
3.219155127688204214e-03
3.516711812355335399e-03
3.841772602005962683e-03
4.196879788008163643e-03
4.584810653757718027e-03
5.008599195734072911e-03
5.471559852302171519e-03
5.977313425842447833e-03
6.529815400945234057e-03
7.133386880145422063e-03
7.792748379144817487e-03
8.513056745833781636e-03
9.299945491854724050e-03
1.015956885213950903e-02
1.109864991700917555e-02
1.212453321327580137e-02
1.324524214558181305e-02
1.446954174722388069e-02
1.580700723123382168e-02
1.726809887785262301e-02
1.886424384409039409e-02
2.060792553520259668e-02
2.251278123705429540e-02
2.459370877295247518e-02
2.686698301910663000e-02
2.935038318998146531e-02
3.206333188903735115e-02
3.502704701237015217e-02
3.826470769328472327e-02
4.180163558564986559e-02
4.566549290384689513e-02
4.988649876817664863e-02
5.449766554775637567e-02
5.953505704933770987e-02
6.503807057133324798e-02
7.104974502898842026e-02
7.761709756053702947e-02
8.479149124692779427e-02
9.262903682104764447e-02
1.011910315081984285e-01
1.105444384299859861e-01
1.207624103210263450e-01
1.319248616544424213e-01
1.441190936507291132e-01
1.574404770581634416e-01
1.719931980447663988e-01
1.878910730354167447e-01
2.052584388669344839e-01
2.242311252230148599e-01
2.449575169543931064e-01
2.675997145926243825e-01
2.923348021338185720e-01
3.193562320076342442e-01
3.488753380633343171e-01
3.811229884059260664e-01
4.163513910091699577e-01
4.548360662271069832e-01
4.968780016310618830e-01
5.428060060250422536e-01
5.929792810502222400e-01
6.477902304909579634e-01
7.076675292538388007e-01
7.730794760221735284e-01
8.445376558069290773e-01
9.226009410388300580e-01
1.007879862494049705e+00
1.101041384238379051e+00
1.202814119934579873e+00
1.313994031309516419e+00
1.435450653348616878e+00
1.568133894904738757e+00
1.713081467908807998e+00
1.871427003285883961e+00
2.044408917051000252e+00
2.233380095926272180e+00
2.439818478230210808e+00
2.665338612792083950e+00
2.911704286293270716e+00
3.180842317793695528e+00
3.474857628329944603e+00
3.796049703443969747e+00
4.146930577395390394e+00
4.530244479711328154e+00
4.948989297729007752e+00
5.406440022988990179e+00
5.906174364852651237e+00
6.452100731667296252e+00
7.048488798318815363e+00
7.700002899239863474e+00
8.411738508039338313e+00
9.189262089059338834e+00
1.003865463253750079e+01
1.096655921386201982e+01
1.198023294887893897e+01
1.308760375159274325e+01
1.429733233816064164e+01
1.561887996211202179e+01
1.706258241054838720e+01
1.863973084004595648e+01
2.036266008447625353e+01
2.224484512539775594e+01
2.430100647951074677e+01
2.654722532740780494e+01
2.900106928403861062e+01
3.168172979453642313e+01
3.461017222997509890e+01
3.780929985695141227e+01
4.130413296339423823e+01
4.512200454153844476e+01
4.929277405849471450e+01
5.384906098630887072e+01
5.882649991794269084e+01
6.426401926443182333e+01
7.020414571290197614e+01
7.669333682660297313e+01
8.378234438821493768e+01
9.152661132812497158e+01
