# tt
1.079683715820312500e+03
1.016067810058593750e+03
9.543731689453125000e+02
9.062888793945312500e+02
8.711658935546875000e+02
8.466947631835937500e+02
8.302334594726562500e+02
8.199440917968750000e+02
8.144865112304687500e+02
8.124582519531250000e+02
8.139970703125000000e+02
8.177828369140625000e+02
8.224331054687500000e+02
8.283294067382812500e+02
8.360819702148437500e+02
8.454497680664062500e+02
8.559722900390625000e+02
8.671611328125000000e+02
8.786241455078125000e+02
8.903807983398437500e+02
9.025303955078125000e+02
9.150806884765625000e+02
9.280007324218750000e+02
9.411970214843750000e+02
9.545924072265625000e+02
9.682374877929687500e+02
9.821823730468750000e+02
9.963446044921875000e+02
1.010646484375000000e+03
1.025158691406250000e+03
1.039958618164062500e+03
1.055002075195312500e+03
1.070212036132812500e+03
1.085501342773437500e+03
1.100828491210937500e+03
1.116346313476562500e+03
1.132202148437500000e+03
1.148327514648437500e+03
1.164600097656250000e+03
1.180923217773437500e+03
1.197303466796875000e+03
1.213773071289062500e+03
1.230364624023437500e+03
1.247110351562500000e+03
1.264035888671875000e+03
1.281140869140625000e+03
1.298418212890625000e+03
1.315860961914062500e+03
1.333461791992187500e+03
1.351216430664062500e+03
1.369128784179687500e+03
1.387205688476562500e+03
1.405453613281250000e+03
1.423879272460937500e+03
1.442487792968750000e+03
1.461279663085937500e+03
1.480253295898437500e+03
1.499407836914062500e+03
1.518742065429687500e+03
1.538255737304687500e+03
1.557953491210937500e+03
1.577841064453125000e+03
1.597923950195312500e+03
1.618207885742187500e+03
1.638697143554687500e+03
1.659391357421875000e+03
1.680288208007812500e+03
1.701385986328125000e+03
1.722682739257812500e+03
1.744179687500000000e+03
1.765890136718750000e+03
1.787831176757812500e+03
1.810018920898437500e+03
1.832470336914062500e+03
1.855196289062500000e+03
1.878186889648437500e+03
1.901425537109375000e+03
1.924896850585937500e+03
1.948584960937500000e+03
1.972477539062500000e+03
1.996577514648437500e+03
2.020891601562500000e+03
2.045426391601562500e+03
2.070188232421875000e+03
2.095182128906250000e+03
2.120404785156250000e+03
2.145849853515625000e+03
2.171512695312500000e+03
2.197387451171875000e+03
2.223469238281250000e+03
2.249755371093750000e+03
2.276243164062500000e+03
2.302930419921875000e+03
2.329814697265625000e+03
2.356893798828125000e+03
2.384165283203125000e+03
2.411626953125000000e+03
2.439276123046875000e+03
2.467110839843750000e+03
2.495128417968750000e+03
2.523326416015625000e+03
2.551702880859375000e+03
2.580255371093750000e+03
2.608981201171875000e+03
2.637878417968750000e+03
2.666944580078125000e+03
2.696177246093750000e+03
2.725573730468750000e+03
2.755132324218750000e+03
2.784849365234375000e+03
2.814716552734375000e+03
2.844725341796875000e+03
2.874866699218750000e+03
2.905131591796875000e+03
2.935511230468750000e+03
2.965996582031250000e+03
2.996578369140625000e+03
3.027248046875000000e+03
3.057996337890625000e+03
3.088814453125000000e+03
3.119693359375000000e+03
3.150624267578125000e+03
3.181597656250000000e+03
3.212605224609375000e+03
3.243637695312500000e+03
3.274686035156250000e+03
3.305741455078125000e+03
3.336794921875000000e+03
3.367837646484375000e+03
3.398860107421875000e+03
3.429854492187500000e+03
3.460812011718750000e+03
3.491724609375000000e+03
3.522583007812500000e+03
3.553379638671875000e+03
3.584105957031250000e+03
3.614752929687500000e+03
3.645312744140625000e+03
3.675776611328125000e+03
3.706135986328125000e+03
3.736383056640625000e+03
3.766508544921875000e+03
3.796504638671875000e+03
3.826362792968750000e+03
3.856074218750000000e+03
3.885631347656250000e+03
3.915024658203125000e+03
3.944245849609375000e+03
3.973287353515625000e+03
4.002139892578125000e+03
4.030795654296875000e+03
4.059246093750000000e+03
4.087482666015625000e+03
4.115497558593750000e+03
4.143281738281250000e+03
4.170827148437500000e+03
4.198125976562500000e+03
4.225168457031250000e+03
4.251948242187500000e+03
4.278455078125000000e+03
4.304682128906250000e+03
4.330620117187500000e+03
4.356261718750000000e+03
4.381597167968750000e+03
4.406618652343750000e+03
4.431318359375000000e+03
4.455687500000000000e+03
4.479717773437500000e+03
4.503400878906250000e+03
4.526728515625000000e+03
4.549692871093750000e+03
4.572284179687500000e+03
4.594495117187500000e+03
4.616317871093750000e+03
4.637743164062500000e+03
4.658763183593750000e+03
4.679372070312500000e+03
4.699560546875000000e+03
4.719322265625000000e+03
4.738649414062500000e+03
4.757534179687500000e+03
4.775969726562500000e+03
4.793947265625000000e+03
4.811461425781250000e+03
4.828502929687500000e+03
4.845064941406250000e+03
4.861140136718750000e+03
4.876721191406250000e+03
4.891799804687500000e+03
4.906369140625000000e+03
4.920421386718750000e+03
4.933949707031250000e+03
4.946945800781250000e+03
4.959402832031250000e+03
4.971312500000000000e+03
4.982668457031250000e+03
4.993461914062500000e+03
5.003686523437500000e+03
5.013333984375000000e+03
5.022399414062500000e+03
5.030881347656250000e+03
5.038783203125000000e+03
5.046104492187500000e+03
5.052848632812500000e+03
5.059016601562500000e+03
5.064610351562500000e+03
5.069630371093750000e+03
5.074079101562500000e+03
5.077958007812500000e+03
5.081269042968750000e+03
5.084013183593750000e+03
5.086192871093750000e+03
5.087808593750000000e+03
5.088862304687500000e+03
5.089356445312500000e+03
5.089292480468750000e+03
5.088670410156250000e+03
5.087493652343750000e+03
5.085763183593750000e+03
5.083480468750000000e+03
5.080647460937500000e+03
5.077265136718750000e+03
5.073335449218750000e+03
5.068860839843750000e+03
5.063841308593750000e+03
5.058279785156250000e+03
5.052177246093750000e+03
5.045535644531250000e+03
5.038355468750000000e+03
5.030640136718750000e+03
5.022390136718750000e+03
5.013607421875000000e+03
5.004292968750000000e+03
4.994449218750000000e+03
4.984077148437500000e+03
4.973179199218750000e+03
4.961755859375000000e+03
4.949810058593750000e+03
4.937342285156250000e+03
4.924354492187500000e+03
4.910848144531250000e+03
4.896824707031250000e+03
4.882286621093750000e+03
4.867234863281250000e+03
4.851670898437500000e+03
4.835596679687500000e+03
4.819014160156250000e+03
4.801923828125000000e+03
4.784328125000000000e+03
4.766229980468750000e+03
4.747638183593750000e+03
4.728562988281250000e+03
4.709014160156250000e+03
4.689002929687500000e+03
4.668538085937500000e+03
4.647630859375000000e+03
4.626291015625000000e+03
4.604529296875000000e+03
4.582354980468750000e+03
4.559779296875000000e+03
4.536812011718750000e+03
4.513463378906250000e+03
4.489743164062500000e+03
4.465662109375000000e+03
4.441230468750000000e+03
4.416458007812500000e+03
4.391355468750000000e+03
4.365932617187500000e+03
4.340200195312500000e+03
4.314167968750000000e+03
4.287846191406250000e+03
4.261245117187500000e+03
4.234374511718750000e+03
4.207245605468750000e+03
4.179868164062500000e+03
4.152251953125000000e+03
4.124407714843750000e+03
4.096345214843750000e+03
4.068075439453125000e+03
4.039607666015625000e+03
4.010952392578125000e+03
3.982120117187500000e+03
3.953121093750000000e+03
3.923964843750000000e+03
3.894662841796875000e+03
3.865224121093750000e+03
3.835659179687500000e+03
3.805978271484375000e+03
3.776191894531250000e+03
3.746310058593750000e+03
3.716343017578125000e+03
3.686300781250000000e+03
3.656193847656250000e+03
3.626031982421875000e+03
3.595826171875000000e+03
3.565585937500000000e+03
3.535321777343750000e+03
3.505043945312500000e+03
3.474762207031250000e+03
3.444487060546875000e+03
3.414226562500000000e+03
3.383989257812500000e+03
3.353782470703125000e+03
3.323615234375000000e+03
3.293494873046875000e+03
3.263430175781250000e+03
3.233428466796875000e+03
3.203498779296875000e+03
3.173648681640625000e+03
3.143886474609375000e+03
3.114219970703125000e+03
3.084657714843750000e+03
3.055207275390625000e+03
3.025877685546875000e+03
2.996676025390625000e+03
2.967611083984375000e+03
2.938690429687500000e+03
2.909923095703125000e+03
2.881316162109375000e+03
2.852878417968750000e+03
2.824617675781250000e+03
2.796541992187500000e+03
2.768659667968750000e+03
2.740979003906250000e+03
2.713507812500000000e+03
2.686254150390625000e+03
2.659226318359375000e+03
2.632432128906250000e+03
2.605880371093750000e+03
2.579578369140625000e+03
2.553534912109375000e+03
2.527757812500000000e+03
2.502255126953125000e+03
2.477034912109375000e+03
2.452105224609375000e+03
2.427474853515625000e+03
2.403151123046875000e+03
2.379142333984375000e+03
2.355457031250000000e+03
2.332102783203125000e+03
2.309087890625000000e+03
2.286420410156250000e+03
2.264108886718750000e+03
2.242160888671875000e+03
2.220584960937500000e+03
2.199388671875000000e+03
2.178580810546875000e+03
2.158168945312500000e+03
2.138161621093750000e+03
2.118565185546875000e+03
2.099380371093750000e+03
2.080606933593750000e+03
2.062244140625000000e+03
2.044291381835937500e+03
2.026747802734375000e+03
2.009613281250000000e+03
1.992886840820312500e+03
1.976567993164062500e+03
1.960656005859375000e+03
1.945150512695312500e+03
1.930050781250000000e+03
1.915356201171875000e+03
1.901066040039062500e+03
1.887179931640625000e+03
1.873697143554687500e+03
1.860616821289062500e+03
1.847939086914062500e+03
1.835662353515625000e+03
1.823786865234375000e+03
1.812311401367187500e+03
1.801235839843750000e+03
1.790559204101562500e+03
1.780281127929687500e+03
1.770401000976562500e+03
1.760917968750000000e+03
1.751831665039062500e+03
1.743141357421875000e+03
1.734846435546875000e+03
1.726946289062500000e+03
1.719440429687500000e+03
1.712328125000000000e+03
1.705608886718750000e+03
1.699282104492187500e+03
1.693346923828125000e+03
1.687802978515625000e+03
1.682649658203125000e+03
1.677886230468750000e+03
1.673512207031250000e+03
1.669526977539062500e+03
1.665929809570312500e+03
1.662720214843750000e+03
1.659897460937500000e+03
1.657461059570312500e+03
1.655410400390625000e+03
1.653744750976562500e+03
1.652463745117187500e+03
1.651566528320312500e+03
1.651052612304687500e+03
1.650921264648437500e+03
1.651171020507812500e+03
1.651795898437500000e+03
1.652788940429687500e+03
1.654143188476562500e+03
1.655851562500000000e+03
1.657907470703125000e+03
1.660303588867187500e+03
1.663033081054687500e+03
1.666089111328125000e+03
1.669464599609375000e+03
1.673152587890625000e+03
1.677146240234375000e+03
1.681438598632812500e+03
1.686022583007812500e+03
1.690891357421875000e+03
1.696037841796875000e+03
1.701455200195312500e+03
1.707136474609375000e+03
1.713074584960937500e+03
1.719262817382812500e+03
1.725694091796875000e+03
1.732361450195312500e+03
1.739257812500000000e+03
1.746376464843750000e+03
1.753710205078125000e+03
1.761252563476562500e+03
1.768995971679687500e+03
1.776933837890625000e+03
1.785059082031250000e+03
1.793364868164062500e+03
1.801844238281250000e+03
1.810489990234375000e+03
1.819295410156250000e+03
1.828253662109375000e+03
1.837357543945312500e+03
1.846600219726562500e+03
1.855974731445312500e+03
1.865473999023437500e+03
1.875091186523437500e+03
1.884819335937500000e+03
1.894651733398437500e+03
1.904581054687500000e+03
1.914600463867187500e+03
1.924703002929687500e+03
1.934881713867187500e+03
1.945129882812500000e+03
1.955440063476562500e+03
1.965805786132812500e+03
1.976219970703125000e+03
1.986675415039062500e+03
1.997165771484375000e+03
2.007685180664062500e+03
2.018228027343750000e+03
2.028788940429687500e+03
2.039362304687500000e+03
2.049942871093750000e+03
2.060525390625000000e+03
2.071103759765625000e+03
2.081672851562500000e+03
2.092227050781250000e+03
2.102760986328125000e+03
2.113269042968750000e+03
2.123746093750000000e+03
2.134186279296875000e+03
2.144584228515625000e+03
2.154934570312500000e+03
2.165231689453125000e+03
2.175470214843750000e+03
2.185644531250000000e+03
2.195749511718750000e+03
2.205779052734375000e+03
2.215728271484375000e+03
2.225591308593750000e+03
2.235362792968750000e+03
2.245037597656250000e+03
2.254609619140625000e+03
2.264073730468750000e+03
2.273424316406250000e+03
2.282656250000000000e+03
2.291763671875000000e+03
2.300741210937500000e+03
2.309583251953125000e+03
2.318284667968750000e+03
2.326839599609375000e+03
2.335242919921875000e+03
2.343488769531250000e+03
2.351572021484375000e+03
2.359487060546875000e+03
2.367228271484375000e+03
2.374790527343750000e+03
2.382167724609375000e+03
2.389355224609375000e+03
2.396346679687500000e+03
2.403137207031250000e+03
2.409721191406250000e+03
2.416093017578125000e+03
2.422247314453125000e+03
2.428178710937500000e+03
2.433881591796875000e+03
2.439350341796875000e+03
2.444581054687500000e+03
2.449572998046875000e+03
2.454327392578125000e+03
2.458845214843750000e+03
2.463127685546875000e+03
2.467175292968750000e+03
2.470989501953125000e+03
2.474571044921875000e+03
2.477920654296875000e+03
2.481039794921875000e+03
2.483929199218750000e+03
2.486589599609375000e+03
2.489022460937500000e+03
2.491228515625000000e+03
2.493208496093750000e+03
2.494963867187500000e+03
2.496495117187500000e+03
2.497803466796875000e+03
2.498890136718750000e+03
2.499755371093750000e+03
2.500400878906250000e+03
2.500827392578125000e+03
2.501035644531250000e+03
2.501026855468750000e+03
2.500802001953125000e+03
2.500362060546875000e+03
2.499707763671875000e+03
2.498840332031250000e+03
2.497760742187500000e+03
2.496469970703125000e+03
2.494968505859375000e+03
2.493258056640625000e+03
2.491339111328125000e+03
2.489212890625000000e+03
2.486880371093750000e+03
2.484342041015625000e+03
2.481599609375000000e+03
2.478653564453125000e+03
2.475504882812500000e+03
2.472155029296875000e+03
2.468604248046875000e+03
2.464854003906250000e+03
2.460905273437500000e+03
2.456758544921875000e+03
2.452415283203125000e+03
2.447876464843750000e+03
2.443142822265625000e+03
2.438215332031250000e+03
2.433094970703125000e+03
2.427783203125000000e+03
2.422281005859375000e+03
2.416592773437500000e+03
2.410723632812500000e+03
2.404678466796875000e+03
2.398462158203125000e+03
2.392079589843750000e+03
2.385535644531250000e+03
2.378835205078125000e+03
2.371983642578125000e+03
2.364985595703125000e+03
2.357845703125000000e+03
2.350569335937500000e+03
2.343161132812500000e+03
2.335626220703125000e+03
2.327969238281250000e+03
2.320195556640625000e+03
2.312309570312500000e+03
2.304316650390625000e+03
2.296221435546875000e+03
2.288029052734375000e+03
2.279744384765625000e+03
2.271372314453125000e+03
2.262917724609375000e+03
2.254385253906250000e+03
2.245780517578125000e+03
2.237107910156250000e+03
2.228372802734375000e+03
2.219579589843750000e+03
2.210733642578125000e+03
2.201839599609375000e+03
2.192902343750000000e+03
2.183927001953125000e+03
2.174918457031250000e+03
2.165881591796875000e+03
2.156821533203125000e+03
2.147742919921875000e+03
2.138650878906250000e+03
2.129550048828125000e+03
2.120445800781250000e+03
2.111342529296875000e+03
2.102245605468750000e+03
2.093159667968750000e+03
2.084089843750000000e+03
2.075041015625000000e+03
2.066018066406250000e+03
2.057025878906250000e+03
2.048069580078125000e+03
2.039153808593750000e+03
2.030283691406250000e+03
2.021463989257812500e+03
2.012699462890625000e+03
2.003993652343750000e+03
1.995349487304687500e+03
1.986770385742187500e+03
1.978259277343750000e+03
1.969819335937500000e+03
1.961453857421875000e+03
1.953166137695312500e+03
1.944959106445312500e+03
1.936835693359375000e+03
1.928799682617187500e+03
1.920853637695312500e+03
1.913001220703125000e+03
1.905245239257812500e+03
1.897588989257812500e+03
1.890035522460937500e+03
1.882588378906250000e+03
1.875250244140625000e+03
1.868024536132812500e+03
1.860914306640625000e+03
1.853922729492187500e+03
1.847052978515625000e+03
1.840308471679687500e+03
1.833691772460937500e+03
1.827206787109375000e+03
1.820856201171875000e+03
1.814643188476562500e+03
1.808571044921875000e+03
1.802642822265625000e+03
1.796861816406250000e+03
1.791231201171875000e+03
1.785753906250000000e+03
1.780433349609375000e+03
1.775272705078125000e+03
1.770274902343750000e+03
1.765443237304687500e+03
1.760780883789062500e+03
1.756290893554687500e+03
1.751976684570312500e+03
1.747841064453125000e+03
1.743887573242187500e+03
1.740119140625000000e+03
1.736538940429687500e+03
1.733150146484375000e+03
1.729956054687500000e+03
1.726959594726562500e+03
1.724163940429687500e+03
1.721572631835937500e+03
1.719188354492187500e+03
1.717014526367187500e+03
1.715053588867187500e+03
1.713304321289062500e+03
1.711765258789062500e+03
1.710434204101562500e+03
1.709309936523437500e+03
1.708390380859375000e+03
1.707673828125000000e+03
1.707158447265625000e+03
1.706842773437500000e+03
1.706724609375000000e+03
1.706802612304687500e+03
1.707074707031250000e+03
1.707539306640625000e+03
1.708194702148437500e+03
1.709039062500000000e+03
1.710070556640625000e+03
1.711287353515625000e+03
1.712688110351562500e+03
1.714270629882812500e+03
1.716033325195312500e+03
1.717974365234375000e+03
1.720092163085937500e+03
1.722384887695312500e+03
1.724850585937500000e+03
1.727487792968750000e+03
1.730294555664062500e+03
1.733269165039062500e+03
1.736409790039062500e+03
1.739714843750000000e+03
1.743182617187500000e+03
1.746811035156250000e+03
1.750598632812500000e+03
1.754543457031250000e+03
1.758643798828125000e+03
1.762898071289062500e+03
1.767304321289062500e+03
1.771860839843750000e+03
1.776565917968750000e+03
1.781417602539062500e+03
1.786414550781250000e+03
1.791554443359375000e+03
1.796835937500000000e+03
1.802257324218750000e+03
1.807816528320312500e+03
1.813512084960937500e+03
1.819341796875000000e+03
1.825304443359375000e+03
1.831398071289062500e+03
1.837620727539062500e+03
1.843970947265625000e+03
1.850446289062500000e+03
1.857042846679687500e+03
1.863756469726562500e+03
1.870582519531250000e+03
1.877516357421875000e+03
1.884553955078125000e+03
1.891690917968750000e+03
1.898922607421875000e+03
1.906244628906250000e+03
1.913652954101562500e+03
1.921142700195312500e+03
1.928709716796875000e+03
1.936349365234375000e+03
1.944057739257812500e+03
1.951829833984375000e+03
1.959661743164062500e+03
1.967548706054687500e+03
1.975486572265625000e+03
1.983470703125000000e+03
1.991496826171875000e+03
1.999560546875000000e+03
2.007657470703125000e+03
2.015783081054687500e+03
2.023933105468750000e+03
2.032103271484375000e+03
2.040288574218750000e+03
2.048485351562500000e+03
2.056688720703125000e+03
2.064894531250000000e+03
2.073098144531250000e+03
2.081295410156250000e+03
2.089481689453125000e+03
2.097652832031250000e+03
2.105804443359375000e+03
2.113931640625000000e+03
2.122030273437500000e+03
2.130096191406250000e+03
2.138124755859375000e+03
2.146111572265625000e+03
2.154052490234375000e+03
2.161942626953125000e+03
2.169778076171875000e+03
2.177553955078125000e+03
2.185266357421875000e+03
2.192910644531250000e+03
2.200482177734375000e+03
2.207976806640625000e+03
2.215389892578125000e+03
2.222717529296875000e+03
2.229954833984375000e+03
2.237098144531250000e+03
2.244144042968750000e+03
2.251090820312500000e+03
2.257935302734375000e+03
2.264675537109375000e+03
2.271308593750000000e+03
2.277832275390625000e+03
2.284244140625000000e+03
2.290541503906250000e+03
2.296722167968750000e+03
2.302783203125000000e+03
2.308722412109375000e+03
2.314537597656250000e+03
2.320225585937500000e+03
2.325784667968750000e+03
2.331211669921875000e+03
2.336504638671875000e+03
2.341660888671875000e+03
2.346677978515625000e+03
2.351553222656250000e+03
2.356284423828125000e+03
2.360869140625000000e+03
2.365304443359375000e+03
2.369588378906250000e+03
2.373718017578125000e+03
2.377691406250000000e+03
2.381505615234375000e+03
2.385158203125000000e+03
2.388646972656250000e+03
2.391969238281250000e+03
2.395122558593750000e+03
2.398104492187500000e+03
2.400912353515625000e+03
2.403543945312500000e+03
2.405996826171875000e+03
2.408268066406250000e+03
2.410355468750000000e+03
2.412256835937500000e+03
2.413969238281250000e+03
2.415490478515625000e+03
2.416817871093750000e+03
2.417949218750000000e+03
2.418881591796875000e+03
2.419613037109375000e+03
2.420140625000000000e+03
2.420462158203125000e+03
2.420575195312500000e+03
2.420477050781250000e+03
2.420165283203125000e+03
2.419637451171875000e+03
2.418891845703125000e+03
2.417929199218750000e+03
2.416751220703125000e+03
2.415359863281250000e+03
2.413756347656250000e+03
2.411942138671875000e+03
2.409919189453125000e+03
2.407688964843750000e+03
2.405253417968750000e+03
2.402613769531250000e+03
2.399771972656250000e+03
2.396729003906250000e+03
2.393487304687500000e+03
2.390048095703125000e+03
2.386413085937500000e+03
2.382583496093750000e+03
2.378561523437500000e+03
2.374348632812500000e+03
2.369946044921875000e+03
2.365355957031250000e+03
2.360579833984375000e+03
2.355618896484375000e+03
2.350475097656250000e+03
2.345150146484375000e+03
2.339645507812500000e+03
2.333962646484375000e+03
2.328103515625000000e+03
2.322069580078125000e+03
2.315862304687500000e+03
2.309483398437500000e+03
2.302934814453125000e+03
2.296217773437500000e+03
2.289333984375000000e+03
2.282285156250000000e+03
2.275072753906250000e+03
2.267698730468750000e+03
2.260164306640625000e+03
2.252471191406250000e+03
2.244621093750000000e+03
2.236615966796875000e+03
2.228456787109375000e+03
2.220145507812500000e+03
2.211683593750000000e+03
2.203072998046875000e+03
2.194314941406250000e+03
2.185411376953125000e+03
2.176363525390625000e+03
2.167173583984375000e+03
2.157842773437500000e+03
2.148372558593750000e+03
2.138765136718750000e+03
2.129024169921875000e+03
2.119153076171875000e+03
2.109156005859375000e+03
2.099036132812500000e+03
2.088797607421875000e+03
2.078444335937500000e+03
2.067979736328125000e+03
2.057407958984375000e+03
2.046732666015625000e+03
2.035957275390625000e+03
2.025086059570312500e+03
2.014122558593750000e+03
2.003070678710937500e+03
1.991933959960937500e+03
1.980716308593750000e+03
1.969421630859375000e+03
1.958053588867187500e+03
1.946615722656250000e+03
1.935112304687500000e+03
1.923546508789062500e+03
1.911922607421875000e+03
1.900244384765625000e+03
1.888515258789062500e+03
1.876739379882812500e+03
1.864920166015625000e+03
1.853061523437500000e+03
1.841167236328125000e+03
1.829241210937500000e+03
1.817287109375000000e+03
1.805308959960937500e+03
1.793309814453125000e+03
1.781294311523437500e+03
1.769265747070312500e+03
1.757227905273437500e+03
1.745184692382812500e+03
1.733139892578125000e+03
1.721097167968750000e+03
1.709060424804687500e+03
1.697033325195312500e+03
1.685019775390625000e+03
1.673023437500000000e+03
1.661048217773437500e+03
1.649097534179687500e+03
1.637175659179687500e+03
1.625286010742187500e+03
1.613432495117187500e+03
1.601618896484375000e+03
1.589848999023437500e+03
1.578126586914062500e+03
1.566455078125000000e+03
1.554836914062500000e+03
1.543274536132812500e+03
1.531769775390625000e+03
1.520325317382812500e+03
1.508942871093750000e+03
1.497625122070312500e+03
1.486373901367187500e+03
1.475191406250000000e+03
1.464080078125000000e+03
1.453041992187500000e+03
1.442079467773437500e+03
1.431194458007812500e+03
1.420389282226562500e+03
1.409666259765625000e+03
1.399027587890625000e+03
1.388475219726562500e+03
1.378011596679687500e+03
1.367638793945312500e+03
1.357359252929687500e+03
1.347174804687500000e+03
1.337087890625000000e+03
1.327100708007812500e+03
1.317215332031250000e+03
1.307434204101562500e+03
1.297759155273437500e+03
1.288192749023437500e+03
1.278737060546875000e+03
1.269394287109375000e+03
1.260166503906250000e+03
1.251056030273437500e+03
1.242065185546875000e+03
1.233196044921875000e+03
1.224450805664062500e+03
1.215831665039062500e+03
1.207340820312500000e+03
1.198980590820312500e+03
1.190753051757812500e+03
1.182660400390625000e+03
1.174704956054687500e+03
1.166888793945312500e+03
1.159214111328125000e+03
1.151683349609375000e+03
1.144298339843750000e+03
1.137061645507812500e+03
1.129975097656250000e+03
1.123041259765625000e+03
1.116262207031250000e+03
1.109640136718750000e+03
1.103177124023437500e+03
1.096875000000000000e+03
1.090733276367187500e+03
1.084751098632812500e+03
1.078927612304687500e+03
1.073261596679687500e+03
1.067752441406250000e+03
1.062399169921875000e+03
1.057200805664062500e+03
1.052156494140625000e+03
1.047265136718750000e+03
1.042525878906250000e+03
1.037937988281250000e+03
1.033500366210937500e+03
1.029212036132812500e+03
1.025072265625000000e+03
1.021080017089843750e+03
1.017234375000000000e+03
1.013534362792968750e+03
1.009979187011718750e+03
1.006567810058593750e+03
1.003299438476562500e+03
1.000173034667968750e+03
9.971876831054687500e+02
9.943425903320312500e+02
9.916366577148437500e+02
9.890690917968750000e+02
9.866389160156250000e+02
9.843451538085937500e+02
9.821870117187500000e+02
9.801634521484375000e+02
9.782736206054687500e+02
9.765166625976562500e+02
9.748914794921875000e+02
9.733971557617187500e+02
9.720330200195312500e+02
9.707979125976562500e+02
9.696909790039062500e+02
9.687112426757812500e+02
9.678579711914062500e+02
9.671300048828125000e+02
9.665266113281250000e+02
9.660467529296875000e+02
9.656895141601562500e+02
9.654541015625000000e+02
9.653394165039062500e+02
9.653445434570312500e+02
9.654687500000000000e+02
9.657109985351562500e+02
9.660702514648437500e+02
9.665457763671875000e+02
9.671362915039062500e+02
9.678395385742187500e+02
9.686528930664062500e+02
9.695737915039062500e+02
9.705997314453125000e+02
9.717281494140625000e+02
9.729564819335937500e+02
9.742821044921875000e+02
9.757025756835937500e+02
9.772151489257812500e+02
9.788174438476562500e+02
9.805067749023437500e+02
9.822806396484375000e+02
9.841364135742187500e+02
9.860715942382812500e+02
9.880836181640625000e+02
9.901699829101562500e+02
9.923279418945312500e+02
9.945550537109375000e+02
9.968486938476562500e+02
9.992064208984375000e+02
1.001625549316406250e+03
1.004103576660156250e+03
1.006637939453125000e+03
1.009226135253906250e+03
1.011865478515625000e+03
1.014553405761718750e+03
1.017287353515625000e+03
1.020064880371093750e+03
1.022883361816406250e+03
1.025740234375000000e+03
1.028632812500000000e+03
1.031558715820312500e+03
1.034515380859375000e+03
1.037500122070312500e+03
1.040510375976562500e+03
1.043543701171875000e+03
1.046597534179687500e+03
1.049669067382812500e+03
1.052755981445312500e+03
1.055855590820312500e+03
1.058965576171875000e+03
1.062083007812500000e+03
1.065205566406250000e+03
1.068330566406250000e+03
1.071455566406250000e+03
1.074577880859375000e+03
1.077695068359375000e+03
1.080804443359375000e+03
1.083903564453125000e+03
1.086989868164062500e+03
1.090061645507812500e+03
1.093117431640625000e+03
1.096155395507812500e+03
1.099173950195312500e+03
1.102171508789062500e+03
1.105146362304687500e+03
1.108097045898437500e+03
1.111021728515625000e+03
1.113918945312500000e+03
1.116786987304687500e+03
1.119624389648437500e+03
1.122429199218750000e+03
1.125200073242187500e+03
1.127935424804687500e+03
1.130633300781250000e+03
1.133292358398437500e+03
1.135910766601562500e+03
1.138487182617187500e+03
1.141019775390625000e+03
1.143506835937500000e+03
1.145946899414062500e+03
1.148338500976562500e+03
1.150679565429687500e+03
1.152968872070312500e+03
1.155204589843750000e+03
1.157385131835937500e+03
1.159508789062500000e+03
1.161574096679687500e+03
1.163579345703125000e+03
1.165522827148437500e+03
1.167403198242187500e+03
1.169218505859375000e+03
1.170967285156250000e+03
1.172647949218750000e+03
1.174258666992187500e+03
1.175798095703125000e+03
1.177264282226562500e+03
1.178655883789062500e+03
1.179971191406250000e+03
1.181208618164062500e+03
1.182366333007812500e+03
1.183442993164062500e+03
1.184436767578125000e+03
1.185346069335937500e+03
1.186169189453125000e+03
1.186904907226562500e+03
1.187551025390625000e+03
1.188106323242187500e+03
1.188568969726562500e+03
1.188937744140625000e+03
1.189213012695312500e+03
1.189395141601562500e+03
1.189484863281250000e+03
1.189482666015625000e+03
1.189389038085937500e+03
1.189204833984375000e+03
1.188930297851562500e+03
1.188566284179687500e+03
1.188113037109375000e+03
1.187571533203125000e+03
1.186942138671875000e+03
1.186225341796875000e+03
1.185421875000000000e+03
1.184532348632812500e+03
1.183557128906250000e+03
1.182496948242187500e+03
1.181352539062500000e+03
1.180124023437500000e+03
1.178812377929687500e+03
1.177417968750000000e+03
1.175941528320312500e+03
1.174383422851562500e+03
1.172744506835937500e+03
1.171025146484375000e+03
1.169225952148437500e+03
1.167347534179687500e+03
1.165390502929687500e+03
1.163355224609375000e+03
1.161242553710937500e+03
1.159052978515625000e+03
1.156787109375000000e+03
1.154445312500000000e+03
1.152028320312500000e+03
1.149536865234375000e+03
1.146971069335937500e+03
1.144332031250000000e+03
1.141619995117187500e+03
1.138835693359375000e+03
1.135979614257812500e+03
1.133052368164062500e+03
1.130054565429687500e+03
1.126986694335937500e+03
1.123849365234375000e+03
1.120643188476562500e+03
1.117368652343750000e+03
1.114026489257812500e+03
1.110617065429687500e+03
1.107141235351562500e+03
1.103599243164062500e+03
1.099992187500000000e+03
1.096321411132812500e+03
1.092588623046875000e+03
1.088795654296875000e+03
1.084944213867187500e+03
1.081036132812500000e+03
1.077072875976562500e+03
1.073056518554687500e+03
1.068988525390625000e+03
1.064870849609375000e+03
1.060704956054687500e+03
1.056492797851562500e+03
1.052236206054687500e+03
1.047936645507812500e+03
1.043595825195312500e+03
1.039215820312500000e+03
1.034798095703125000e+03
1.030344482421875000e+03
1.025856689453125000e+03
1.021336486816406250e+03
1.016785583496093750e+03
1.012205688476562500e+03
1.007598571777343750e+03
1.002966003417968750e+03
9.983095703125000000e+02
9.936312255859375000e+02
9.889325561523437500e+02
9.842153320312500000e+02
9.794812622070312500e+02
9.747321166992187500e+02
9.699697265625000000e+02
9.651956787109375000e+02
9.604118041992187500e+02
9.556196899414062500e+02
9.508211669921875000e+02
9.460181274414062500e+02
9.412119750976562500e+02
9.364047851562500000e+02
9.315980224609375000e+02
9.267936401367187500e+02
9.219931640625000000e+02
9.171986083984375000e+02
9.124113159179687500e+02
9.076334228515625000e+02
9.028663940429687500e+02
8.981121215820312500e+02
8.933723144531250000e+02
8.886485595703125000e+02
8.839427490234375000e+02
8.792565307617187500e+02
8.745916748046875000e+02
8.699492187500000000e+02
8.653301391601562500e+02
8.607355957031250000e+02
8.561666259765625000e+02
8.516242065429687500e+02
8.471094360351562500e+02
8.426233520507812500e+02
8.381669921875000000e+02
8.337413940429687500e+02
8.293475341796875000e+02
8.249866333007812500e+02
8.206595458984375000e+02
8.163674316406250000e+02
8.121112670898437500e+02
8.078922119140625000e+02
8.037111206054687500e+02
7.995692138671875000e+02
7.954673461914062500e+02
7.914067993164062500e+02
7.873884277343750000e+02
7.834133911132812500e+02
7.794826660156250000e+02
7.755972900390625000e+02
7.717583007812500000e+02
7.679667968750000000e+02
7.642238159179687500e+02
7.605303344726562500e+02
7.568874511718750000e+02
7.532962036132812500e+02
7.497576904296875000e+02
7.462727661132812500e+02
7.428427124023437500e+02
7.394683837890625000e+02
7.361509399414062500e+02
7.328914184570312500e+02
7.296907958984375000e+02
7.265501708984375000e+02
7.234705200195312500e+02
7.204530029296875000e+02
7.174985351562500000e+02
7.146082763671875000e+02
7.117831420898437500e+02
7.090242919921875000e+02
7.063327026367187500e+02
7.037094726562500000e+02
7.011555786132812500e+02
6.986720581054687500e+02
6.962600097656250000e+02
6.939205322265625000e+02
6.916542358398437500e+02
6.894610595703125000e+02
6.873403930664062500e+02
6.852918090820312500e+02
6.833148193359375000e+02
6.814088745117187500e+02
6.795734863281250000e+02
6.778082275390625000e+02
6.761125488281250000e+02
6.744859619140625000e+02
6.729280395507812500e+02
6.714381713867187500e+02
6.700159301757812500e+02
6.686608276367187500e+02
6.673724365234375000e+02
6.661500854492187500e+02
6.649934082031250000e+02
6.639019165039062500e+02
6.628750610351562500e+02
6.619124145507812500e+02
6.610133666992187500e+02
6.601776123046875000e+02
6.594044799804687500e+02
6.586935424804687500e+02
6.580443115234375000e+02
6.574563598632812500e+02
6.569290161132812500e+02
6.564619750976562500e+02
6.560546264648437500e+02
6.557065429687500000e+02
6.554171752929687500e+02
6.551860961914062500e+02
6.550127563476562500e+02
6.548966674804687500e+02
6.548373413085937500e+02
6.548343505859375000e+02
6.548871459960937500e+02
6.549951782226562500e+02
6.551580200195312500e+02
6.553752441406250000e+02
6.556461791992187500e+02
6.559705200195312500e+02
6.563476562500000000e+02
6.567770996093750000e+02
6.572584228515625000e+02
6.577910766601562500e+02
6.583745727539062500e+02
6.590084228515625000e+02
6.596921997070312500e+02
6.604252929687500000e+02
6.612071533203125000e+02
6.620366210937500000e+02
6.629123535156250000e+02
6.638330688476562500e+02
6.647974853515625000e+02
6.658043212890625000e+02
6.668521728515625000e+02
6.679399414062500000e+02
6.690661621093750000e+02
6.702296142578125000e+02
6.714289550781250000e+02
6.726629028320312500e+02
6.739301757812500000e+02
6.752294921875000000e+02
6.765595092773437500e+02
6.779190063476562500e+02
6.793065795898437500e+02
6.807209472656250000e+02
6.821609497070312500e+02
6.836251220703125000e+02
6.851122436523437500e+02
6.866210327148437500e+02
6.881501464843750000e+02
6.896983642578125000e+02
6.912642822265625000e+02
6.928466796875000000e+02
6.944442138671875000e+02
6.960556030273437500e+02
6.976795654296875000e+02
6.993148193359375000e+02
7.009600219726562500e+02
7.026139526367187500e+02
7.042752075195312500e+02
7.059425048828125000e+02
7.076146850585937500e+02
7.092902832031250000e+02
7.109681396484375000e+02
7.126468505859375000e+02
7.143251342773437500e+02
7.160017089843750000e+02
7.176752929687500000e+02
7.193446044921875000e+02
7.210083007812500000e+02
7.226651000976562500e+02
7.243137817382812500e+02
7.259529418945312500e+02
7.275812988281250000e+02
7.291976318359375000e+02
7.308005371093750000e+02
7.323887939453125000e+02
7.339611206054687500e+02
7.355167236328125000e+02
7.370548095703125000e+02
7.385745239257812500e+02
7.400751342773437500e+02
7.415557861328125000e+02
7.430158081054687500e+02
7.444542236328125000e+02
7.458704223632812500e+02
7.472636108398437500e+02
7.486328735351562500e+02
7.499774169921875000e+02
7.512966308593750000e+02
7.525895385742187500e+02
7.538554687500000000e+02
7.550935668945312500e+02
7.563031005859375000e+02
7.574832153320312500e+02
7.586331787109375000e+02
7.597520751953125000e+02
7.608392944335937500e+02
7.618939819335937500e+02
7.629152832031250000e+02
7.639025268554687500e+02
7.648547973632812500e+02
7.657713623046875000e+02
7.666514282226562500e+02
7.674942626953125000e+02
7.682990112304687500e+02
7.690648803710937500e+02
7.697911376953125000e+02
7.704768676757812500e+02
7.711213989257812500e+02
7.717239379882812500e+02
7.722836303710937500e+02
7.727997436523437500e+02
7.732714843750000000e+02
7.736980590820312500e+02
7.740785522460937500e+02
7.744124145507812500e+02
7.746986694335937500e+02
7.749366455078125000e+02
7.751254272460937500e+02
7.752643432617187500e+02
7.753524780273437500e+02
7.753892211914062500e+02
7.753736572265625000e+02
7.753049926757812500e+02
7.751824340820312500e+02
7.750052490234375000e+02
7.747728271484375000e+02
7.744852905273437500e+02
7.741430053710937500e+02
7.737462158203125000e+02
7.732952270507812500e+02
7.727905273437500000e+02
7.722322998046875000e+02
7.716209106445312500e+02
7.709567260742187500e+02
7.702399902343750000e+02
7.694711303710937500e+02
7.686503906250000000e+02
7.677781372070312500e+02
7.668546752929687500e+02
7.658803710937500000e+02
7.648554687500000000e+02
7.637804565429687500e+02
7.626554565429687500e+02
7.614809570312500000e+02
7.602572021484375000e+02
7.589844970703125000e+02
7.576633300781250000e+02
7.562937622070312500e+02
7.548763427734375000e+02
7.534113159179687500e+02
7.518989868164062500e+02
7.503397216796875000e+02
7.487338867187500000e+02
7.470816650390625000e+02
7.453835449218750000e+02
7.436397705078125000e+02
7.418506469726562500e+02
7.400165405273437500e+02
7.381377563476562500e+02
7.362147216796875000e+02
7.342476196289062500e+02
7.322367553710937500e+02
7.301826171875000000e+02
7.280855102539062500e+02
7.259456176757812500e+02
7.237633666992187500e+02
7.215390625000000000e+02
7.192730102539062500e+02
7.169655761718750000e+02
7.146171264648437500e+02
7.122278442382812500e+02
7.097982177734375000e+02
7.073284912109375000e+02
7.048190307617187500e+02
7.022700805664062500e+02
6.996821289062500000e+02
6.970559692382812500e+02
6.943927001953125000e+02
6.916931152343750000e+02
6.889581909179687500e+02
6.861889038085937500e+02
6.833862304687500000e+02
6.805510253906250000e+02
6.776842651367187500e+02
6.747869873046875000e+02
6.718600463867187500e+02
6.689044189453125000e+02
6.659210815429687500e+02
6.629108886718750000e+02
6.598748779296875000e+02
6.568139648437500000e+02
6.537290649414062500e+02
6.506212158203125000e+02
6.474912719726562500e+02
6.443402099609375000e+02
6.411690063476562500e+02
6.379785766601562500e+02
6.347698974609375000e+02
6.315438842773437500e+02
6.283014526367187500e+02
6.250436401367187500e+02
6.217713012695312500e+02
6.184854736328125000e+02
6.151870727539062500e+02
6.118769531250000000e+02
6.085562133789062500e+02
6.052257690429687500e+02
6.018864135742187500e+02
5.985393066406250000e+02
5.951852416992187500e+02
5.918252563476562500e+02
5.884602661132812500e+02
5.850911254882812500e+02
5.817189941406250000e+02
5.783446044921875000e+02
5.749690551757812500e+02
5.715931396484375000e+02
5.682180175781250000e+02
5.648444824218750000e+02
5.614735107421875000e+02
5.581060180664062500e+02
5.547430419921875000e+02
5.513854370117187500e+02
5.480342407226562500e+02
5.446903076171875000e+02
5.413546142578125000e+02
5.380277099609375000e+02
5.347104492187500000e+02
5.314031982421875000e+02
5.281068115234375000e+02
5.248217163085937500e+02
5.215486450195312500e+02
5.182882690429687500e+02
5.150410766601562500e+02
5.118078002929687500e+02
5.085890197753906250e+02
5.053853759765625000e+02
5.021975097656250000e+02
4.990260314941406250e+02
4.958715820312500000e+02
4.927347106933593750e+02
4.896161499023437500e+02
4.865165100097656250e+02
4.834363403320312500e+02
4.803763122558593750e+02
4.773370361328125000e+02
4.743192443847656250e+02
4.713233947753906250e+02
4.683501892089843750e+02
4.654002685546875000e+02
4.624742431640625000e+02
4.595727233886718750e+02
4.566963806152343750e+02
4.538457946777343750e+02
4.510216064453125000e+02
4.482244262695312500e+02
4.454548950195312500e+02
4.427136840820312500e+02
4.400013427734375000e+02
4.373185424804687500e+02
4.346658935546875000e+02
4.320440063476562500e+02
4.294535217285156250e+02
4.268951110839843750e+02
4.243692932128906250e+02
4.218768005371093750e+02
4.194181823730468750e+02
4.169941406250000000e+02
4.146052246093750000e+02
4.122521057128906250e+02
4.099353942871093750e+02
4.076557006835937500e+02
4.054136657714843750e+02
4.032099609375000000e+02
4.010451354980468750e+02
3.989197387695312500e+02
3.968336791992187500e+02
3.947869262695312500e+02
3.927792358398437500e+02
3.908104858398437500e+02
3.888805236816406250e+02
3.869891967773437500e+02
3.851363525390625000e+02
3.833218994140625000e+02
3.815455932617187500e+02
3.798073730468750000e+02
3.781069946289062500e+02
3.764443969726562500e+02
3.748193969726562500e+02
3.732318420410156250e+02
3.716815795898437500e+02
3.701684570312500000e+02
3.686923217773437500e+02
3.672530822753906250e+02
3.658505249023437500e+02
3.644844970703125000e+02
3.631549072265625000e+02
3.618615112304687500e+02
3.606042785644531250e+02
3.593829650878906250e+02
3.581974792480468750e+02
3.570476379394531250e+02
3.559332885742187500e+02
3.548543090820312500e+02
3.538105468750000000e+02
3.528018188476562500e+02
3.518280334472656250e+02
3.508889770507812500e+02
3.499845275878906250e+02
3.491145324707031250e+02
3.482788696289062500e+02
3.474773559570312500e+02
3.467098693847656250e+02
3.459762268066406250e+02
3.452763061523437500e+02
3.446099243164062500e+02
3.439769897460937500e+02
3.433773498535156250e+02
3.428107604980468750e+02
3.422771606445312500e+02
3.417763977050781250e+02
3.413082580566406250e+02
3.408726806640625000e+02
3.404694519042968750e+02
3.400984497070312500e+02
3.397594604492187500e+02
3.394519042968750000e+02
3.391752014160156250e+02
3.389287414550781250e+02
3.387119140625000000e+02
3.385240783691406250e+02
3.383646850585937500e+02
3.382330627441406250e+02
3.381286621093750000e+02
3.380507812500000000e+02
3.379989013671875000e+02
3.379723510742187500e+02
3.379705810546875000e+02
3.379929199218750000e+02
3.380387878417968750e+02
3.381075744628906250e+02
3.381986389160156250e+02
3.383114318847656250e+02
3.384452819824218750e+02
3.385996093750000000e+02
3.387737731933593750e+02
3.389671936035156250e+02
3.391792907714843750e+02
3.394093627929687500e+02
3.396568603515625000e+02
3.399211730957031250e+02
3.402017211914062500e+02
3.404978027343750000e+02
3.408088684082031250e+02
3.411343078613281250e+02
3.414735107421875000e+02
3.418258361816406250e+02
3.421907043457031250e+02
3.425674743652343750e+02
3.429555969238281250e+02
3.433544006347656250e+02
3.437632751464843750e+02
3.441816406250000000e+02
3.446088867187500000e+02
3.450443725585937500e+02
3.454875183105468750e+02
3.459377136230468750e+02
3.463943176269531250e+02
3.468567504882812500e+02
3.473243713378906250e+02
3.477966003417968750e+02
3.482727966308593750e+02
3.487523803710937500e+02
3.492347412109375000e+02
3.497192077636718750e+02
3.502052917480468750e+02
3.506924743652343750e+02
3.511802978515625000e+02
3.516683654785156250e+02
3.521561889648437500e+02
3.526433715820312500e+02
3.531294250488281250e+02
3.536139526367187500e+02
3.540964965820312500e+02
3.545766296386718750e+02
3.550538940429687500e+02
3.555278320312500000e+02
3.559980468750000000e+02
3.564640502929687500e+02
3.569254760742187500e+02
3.573817749023437500e+02
3.578326110839843750e+02
3.582774963378906250e+02
3.587159729003906250e+02
3.591476135253906250e+02
3.595719909667968750e+02
3.599886779785156250e+02
3.603971862792968750e+02
3.607971191406250000e+02
3.611880187988281250e+02
3.615694580078125000e+02
3.619409484863281250e+02
3.623021240234375000e+02
3.626524963378906250e+02
3.629916076660156250e+02
3.633190612792968750e+02
3.636343994140625000e+02
3.639371643066406250e+02
3.642269592285156250e+02
3.645032958984375000e+02
3.647657470703125000e+02
3.650138854980468750e+02
3.652472534179687500e+02
3.654654235839843750e+02
3.656679687500000000e+02
3.658544311523437500e+02
3.660243530273437500e+02
3.661773071289062500e+02
3.663128967285156250e+02
3.664306030273437500e+02
3.665300292968750000e+02
3.666107482910156250e+02
3.666722717285156250e+02
3.667142333984375000e+02
3.667361145019531250e+02
3.667375793457031250e+02
3.667186279296875000e+02
3.666793518066406250e+02
3.666197509765625000e+02
3.665398864746093750e+02
3.664398498535156250e+02
3.663197326660156250e+02
3.661795654296875000e+02
3.660194091796875000e+02
3.658393554687500000e+02
3.656394042968750000e+02
3.654196777343750000e+02
3.651802062988281250e+02
3.649211120605468750e+02
3.646423645019531250e+02
3.643440856933593750e+02
3.640263366699218750e+02
3.636891784667968750e+02
3.633326721191406250e+02
3.629568481445312500e+02
3.625617980957031250e+02
3.621476135253906250e+02
3.617143249511718750e+02
3.612619934082031250e+02
3.607906799316406250e+02
3.603004760742187500e+02
3.597914123535156250e+02
3.592635498046875000e+02
3.587169799804687500e+02
3.581517639160156250e+02
3.575679321289062500e+02
3.569655761718750000e+02
3.563447570800781250e+02
3.557055358886718750e+02
3.550479736328125000e+02
3.543721008300781250e+02
3.536780395507812500e+02
3.529658203125000000e+02
3.522355346679687500e+02
3.514871826171875000e+02
3.507208862304687500e+02
3.499366760253906250e+02
3.491346740722656250e+02
3.483148498535156250e+02
3.474773254394531250e+02
3.466221618652343750e+02
3.457494201660156250e+02
3.448591308593750000e+02
3.439514160156250000e+02
3.430262756347656250e+02
3.420838928222656250e+02
3.411245117187500000e+02
3.401485900878906250e+02
3.391564941406250000e+02
3.381485900878906250e+02
3.371252441406250000e+02
3.360868835449218750e+02
3.350338439941406250e+02
3.339665527343750000e+02
3.328853759765625000e+02
3.317906494140625000e+02
3.306828308105468750e+02
3.295622558593750000e+02
3.284293212890625000e+02
3.272844238281250000e+02
3.261279296875000000e+02
3.249601745605468750e+02
3.237816162109375000e+02
3.225926208496093750e+02
3.213935241699218750e+02
3.201847839355468750e+02
3.189666748046875000e+02
3.177397155761718750e+02
3.165041503906250000e+02
3.152604675292968750e+02
3.140090332031250000e+02
3.127501525878906250e+02
3.114842834472656250e+02
3.102117919921875000e+02
3.089330444335937500e+02
3.076484375000000000e+02
3.063583679199218750e+02
3.050631713867187500e+02
3.037632751464843750e+02
3.024590454101562500e+02
3.011508483886718750e+02
2.998391113281250000e+02
2.985241699218750000e+02
2.972063903808593750e+02
2.958862304687500000e+02
2.945640258789062500e+02
2.932401428222656250e+02
2.919150085449218750e+02
2.905889587402343750e+02
2.892624206542968750e+02
2.879357299804687500e+02
2.866093139648437500e+02
2.852835388183593750e+02
2.839587402343750000e+02
2.826353759765625000e+02
2.813137512207031250e+02
2.799942016601562500e+02
2.786770019531250000e+02
2.773624267578125000e+02
2.760507507324218750e+02
2.747422790527343750e+02
2.734372253417968750e+02
2.721359558105468750e+02
2.708387145996093750e+02
2.695457458496093750e+02
2.682573852539062500e+02
2.669738769531250000e+02
2.656955261230468750e+02
2.644225769042968750e+02
2.631553955078125000e+02
2.618941345214843750e+02
2.606391906738281250e+02
2.593907775878906250e+02
2.581491699218750000e+02
2.569147338867187500e+02
2.556876373291015625e+02
2.544682159423828125e+02
2.532567443847656250e+02
2.520535125732421875e+02
2.508587799072265625e+02
2.496728515625000000e+02
2.484959869384765625e+02
2.473284759521484375e+02
2.461705932617187500e+02
2.450226287841796875e+02
2.438848571777343750e+02
2.427575378417968750e+02
2.416410064697265625e+02
2.405354919433593750e+02
2.394413146972656250e+02
2.383587036132812500e+02
2.372879638671875000e+02
2.362293853759765625e+02
2.351832580566406250e+02
2.341498565673828125e+02
2.331294097900390625e+02
2.321222686767578125e+02
2.311286926269531250e+02
2.301489257812500000e+02
2.291832885742187500e+02
2.282320556640625000e+02
2.272955017089843750e+02
2.263739013671875000e+02
2.254675445556640625e+02
2.245767059326171875e+02
2.237016143798828125e+02
2.228422851562500000e+02
2.219986267089843750e+02
2.211706390380859375e+02
2.203582611083984375e+02
2.195614166259765625e+02
2.187800750732421875e+02
2.180142059326171875e+02
2.172637176513671875e+02
2.165285797119140625e+02
2.158087615966796875e+02
2.151042022705078125e+02
2.144148254394531250e+02
2.137406158447265625e+02
2.130815124511718750e+02
2.124374542236328125e+02
2.118084106445312500e+02
2.111943054199218750e+02
2.105951232910156250e+02
2.100108032226562500e+02
2.094412689208984375e+02
2.088865051269531250e+02
2.083464508056640625e+02
2.078210449218750000e+02
2.073102569580078125e+02
2.068140106201171875e+02
2.063322906494140625e+02
2.058650207519531250e+02
2.054121551513671875e+02
2.049736480712890625e+02
2.045494689941406250e+02
2.041395263671875000e+02
2.037438049316406250e+02
2.033622436523437500e+02
2.029947967529296875e+02
2.026414184570312500e+02
2.023020324707031250e+02
2.019766235351562500e+02
2.016651153564453125e+02
2.013674774169921875e+02
2.010836486816406250e+02
2.008135833740234375e+02
2.005572204589843750e+02
2.003145446777343750e+02
2.000854644775390625e+02
1.998699645996093750e+02
1.996679687500000000e+02
1.994794464111328125e+02
1.993043212890625000e+02
1.991425781250000000e+02
1.989941101074218750e+02
1.988586883544921875e+02
1.987360687255859375e+02
1.986259460449218750e+02
1.985280914306640625e+02
1.984422302246093750e+02
1.983680877685546875e+02
1.983054046630859375e+02
1.982539215087890625e+02
1.982133483886718750e+02
1.981834564208984375e+02
1.981639556884765625e+02
1.981546020507812500e+02
1.981550903320312500e+02
1.981651916503906250e+02
1.981846313476562500e+02
1.982131500244140625e+02
1.982504577636718750e+02
1.982963104248046875e+02
1.983504638671875000e+02
1.984126129150390625e+02
1.984824981689453125e+02
1.985598754882812500e+02
1.986444549560546875e+02
1.987359924316406250e+02
1.988341979980468750e+02
1.989388580322265625e+02
1.990496368408203125e+02
1.991663208007812500e+02
1.992886199951171875e+02
1.994162902832031250e+02
1.995490417480468750e+02
1.996866302490234375e+02
1.998287811279296875e+02
1.999752197265625000e+02
2.001256713867187500e+02
2.002799224853515625e+02
2.004376678466796875e+02
2.005986480712890625e+02
2.007625885009765625e+02
2.009292297363281250e+02
2.010983428955078125e+02
2.012695922851562500e+02
2.014427642822265625e+02
2.016175994873046875e+02
2.017937927246093750e+02
2.019710998535156250e+02
2.021492614746093750e+02
2.023280181884765625e+02
2.025070648193359375e+02
2.026862030029296875e+02
2.028651733398437500e+02
2.030437927246093750e+02
2.032218475341796875e+02
2.033991394042968750e+02
2.035754699707031250e+02
2.037506408691406250e+02
2.039244232177734375e+02
2.040966491699218750e+02
2.042670745849609375e+02
2.044355163574218750e+02
2.046017761230468750e+02
2.047656402587890625e+02
2.049269104003906250e+02
2.050853729248046875e+02
2.052408447265625000e+02
2.053931121826171875e+02
2.055419464111328125e+02
2.056871948242187500e+02
2.058285980224609375e+02
2.059659881591796875e+02
2.060991668701171875e+02
2.062279052734375000e+02
2.063520050048828125e+02
2.064712829589843750e+02
2.065855102539062500e+02
2.066944885253906250e+02
2.067980346679687500e+02
2.068959197998046875e+02
2.069879455566406250e+02
2.070739135742187500e+02
2.071536254882812500e+02
2.072268676757812500e+02
2.072934265136718750e+02
2.073531341552734375e+02
2.074057464599609375e+02
2.074510955810546875e+02
2.074889526367187500e+02
2.075191192626953125e+02
2.075413818359375000e+02
2.075555572509765625e+02
2.075614318847656250e+02
2.075588073730468750e+02
2.075474700927734375e+02
2.075272216796875000e+02
2.074978637695312500e+02
2.074591827392578125e+02
2.074109802246093750e+02
2.073530578613281250e+02
2.072852020263671875e+02
2.072072448730468750e+02
2.071191711425781250e+02
2.070210266113281250e+02
2.069127960205078125e+02
2.067945098876953125e+02
2.066662139892578125e+02
2.065279235839843750e+02
2.063796234130859375e+02
2.062213745117187500e+02
2.060531921386718750e+02
2.058750762939453125e+02
2.056870727539062500e+02
2.054891815185546875e+02
2.052814483642578125e+02
2.050638732910156250e+02
2.048364868164062500e+02
2.045993041992187500e+02
2.043523559570312500e+02
2.040956726074218750e+02
2.038292541503906250e+02
2.035531311035156250e+02
2.032673339843750000e+02
2.029718627929687500e+02
2.026667480468750000e+02
2.023520202636718750e+02
2.020276947021484375e+02
2.016937866210937500e+02
2.013503417968750000e+02
2.009973449707031250e+02
2.006348419189453125e+02
2.002628479003906250e+02
1.998813934326171875e+02
1.994904937744140625e+02
1.990901489257812500e+02
1.986804199218750000e+02
1.982612915039062500e+02
1.978327941894531250e+02
1.973949737548828125e+02
1.969478454589843750e+02
1.964913940429687500e+02
1.960256805419921875e+02
1.955506896972656250e+02
1.950664978027343750e+02
1.945730743408203125e+02
1.940704803466796875e+02
1.935586853027343750e+02
1.930377655029296875e+02
1.925077209472656250e+02
1.919685668945312500e+02
1.914203186035156250e+02
1.908630523681640625e+02
1.902968902587890625e+02
1.897220306396484375e+02
1.891386260986328125e+02
1.885468902587890625e+02
1.879469909667968750e+02
1.873390808105468750e+02
1.867233581542968750e+02
1.861000061035156250e+02
1.854691925048828125e+02
1.848310852050781250e+02
1.841858978271484375e+02
1.835337677001953125e+02
1.828749084472656250e+02
1.822094573974609375e+02
1.815376434326171875e+02
1.808596038818359375e+02
1.801755218505859375e+02
1.794855957031250000e+02
1.787899932861328125e+02
1.780888824462890625e+02
1.773824615478515625e+02
1.766708984375000000e+02
1.759543609619140625e+02
1.752330474853515625e+02
1.745071258544921875e+02
1.737767639160156250e+02
1.730421447753906250e+02
1.723034667968750000e+02
1.715608825683593750e+02
1.708145751953125000e+02
1.700647430419921875e+02
1.693115386962890625e+02
1.685551605224609375e+02
1.677957763671875000e+02
1.670335388183593750e+02
1.662686920166015625e+02
1.655013427734375000e+02
1.647317199707031250e+02
1.639599609375000000e+02
1.631862945556640625e+02
1.624108428955078125e+02
1.616338348388671875e+02
1.608553924560546875e+02
1.600757598876953125e+02
1.592950592041015625e+02
1.585134887695312500e+02
1.577312469482421875e+02
1.569484863281250000e+02
1.561653900146484375e+02
1.553821258544921875e+02
1.545988769531250000e+02
1.538157501220703125e+02
1.530329132080078125e+02
1.522505187988281250e+02
1.514687194824218750e+02
1.506876525878906250e+02
1.499074707031250000e+02
1.491283264160156250e+02
1.483503723144531250e+02
1.475737304687500000e+02
1.467985839843750000e+02
1.460250549316406250e+02
1.452533111572265625e+02
1.444835052490234375e+02
1.437157592773437500e+02
1.429502410888671875e+02
1.421870880126953125e+02
1.414264678955078125e+02
1.406685180664062500e+02
1.399133758544921875e+02
1.391612091064453125e+02
1.384121551513671875e+02
1.376663665771484375e+02
1.369239959716796875e+02
1.361851806640625000e+02
1.354500732421875000e+02
1.347188262939453125e+02
1.339916076660156250e+02
1.332685241699218750e+02
1.325497589111328125e+02
1.318354339599609375e+02
1.311257324218750000e+02
1.304207611083984375e+02
1.297207031250000000e+02
1.290256958007812500e+02
1.283358764648437500e+02
1.276514053344726562e+02
1.269724426269531250e+02
1.262991180419921875e+02
1.256315841674804688e+02
1.249699859619140625e+02
1.243144836425781250e+02
1.236652221679687500e+02
1.230223464965820312e+02
1.223860015869140625e+02
1.217563476562500000e+02
1.211335372924804688e+02
1.205177001953125000e+02
1.199089889526367188e+02
1.193075408935546875e+02
1.187133712768554688e+02
1.181264877319335938e+02
1.175468978881835938e+02
1.169745941162109375e+02
1.164095840454101562e+02
1.158518905639648438e+02
1.153014831542968750e+02
1.147584075927734375e+02
1.142226181030273438e+02
1.136941452026367188e+02
1.131729888916015625e+02
1.126591567993164062e+02
1.121526489257812500e+02
1.116534652709960938e+02
1.111615982055664062e+02
1.106770782470703125e+02
1.101998977661132812e+02
1.097300491333007812e+02
1.092675399780273438e+02
1.088123855590820312e+02
1.083645782470703125e+02
1.079241180419921875e+02
1.074910202026367188e+02
1.070652770996093750e+02
1.066468963623046875e+02
1.062358932495117188e+02
1.058322448730468750e+02
1.054359817504882812e+02
1.050470886230468750e+02
1.046655654907226562e+02
1.042914352416992188e+02
1.039246902465820312e+02
1.035653381347656250e+02
1.032133712768554688e+02
1.028688049316406250e+02
1.025316314697265625e+02
1.022018661499023438e+02
1.018795013427734375e+02
1.015645523071289062e+02
1.012570114135742188e+02
1.009568862915039062e+02
1.006641845703125000e+02
1.003789062500000000e+02
1.001010513305664062e+02
9.983061218261718750e+01
9.956761932373046875e+01
9.931205749511718750e+01
9.906394195556640625e+01
9.882326507568359375e+01
9.859001159667968750e+01
9.836409759521484375e+01
9.814541625976562500e+01
9.793384552001953125e+01
9.772929382324218750e+01
9.753165435791015625e+01
9.734080505371093750e+01
9.715663909912109375e+01
9.697905731201171875e+01
9.680795288085937500e+01
9.664320373535156250e+01
9.648471832275390625e+01
9.633238220214843750e+01
9.618608093261718750e+01
9.604570770263671875e+01
9.591117095947265625e+01
9.578234100341796875e+01
9.565911102294921875e+01
9.554139709472656250e+01
9.542906188964843750e+01
9.532201385498046875e+01
9.522013854980468750e+01
9.512333679199218750e+01
9.503147888183593750e+01
9.494448852539062500e+01
9.486222839355468750e+01
9.478460693359375000e+01
9.471150970458984375e+01
9.464282989501953125e+01
9.457846069335937500e+01
9.451830291748046875e+01
9.446222686767578125e+01
9.441014099121093750e+01
9.436193084716796875e+01
9.431748962402343750e+01
9.427670288085937500e+01
9.423947906494140625e+01
9.420569610595703125e+01
9.417524719238281250e+01
9.414802551269531250e+01
9.412393188476562500e+01
9.410284423828125000e+01
9.408467102050781250e+01
9.406928253173828125e+01
9.405658721923828125e+01
9.404647064208984375e+01
9.403881835937500000e+01
9.403353881835937500e+01
9.403050994873046875e+01
9.402962493896484375e+01
9.403078460693359375e+01
9.403388977050781250e+01
9.403881835937500000e+01
9.404548645019531250e+01
9.405378723144531250e+01
9.406362915039062500e+01
9.407489776611328125e+01
9.408749389648437500e+01
9.410131835937500000e+01
9.411627960205078125e+01
9.413225555419921875e+01
9.414916229248046875e+01
9.416689300537109375e+01
9.418534851074218750e+01
9.420442962646484375e+01
9.422402191162109375e+01
9.424403381347656250e+01
9.426436614990234375e+01
9.428491973876953125e+01
9.430558776855468750e+01
9.432626342773437500e+01
9.434685516357421875e+01
9.436726379394531250e+01
9.438737487792968750e+01
9.440710449218750000e+01
9.442633056640625000e+01
9.444496917724609375e+01
9.446291351318359375e+01
9.448006439208984375e+01
9.449631500244140625e+01
9.451157379150390625e+01
9.452572631835937500e+01
9.453867340087890625e+01
9.455033111572265625e+01
9.456057739257812500e+01
9.456932067871093750e+01
9.457645416259765625e+01
9.458189392089843750e+01
9.458551025390625000e+01
9.458722686767578125e+01
9.458692932128906250e+01
9.458452606201171875e+01
9.457990264892578125e+01
9.457296752929687500e+01
9.456362152099609375e+01
9.455174255371093750e+01
9.453726196289062500e+01
9.452005767822265625e+01
9.450003051757812500e+01
9.447708129882812500e+01
9.445112609863281250e+01
9.442214202880859375e+01
9.439009857177734375e+01
9.435499572753906250e+01
9.431682586669921875e+01
9.427558135986328125e+01
9.423121643066406250e+01
9.418376159667968750e+01
9.413317871093750000e+01
9.407946014404296875e+01
9.402259826660156250e+01
9.396257019042968750e+01
9.389938354492187500e+01
9.383300781250000000e+01
9.376343536376953125e+01
9.369065093994140625e+01
9.361465454101562500e+01
9.353542327880859375e+01
9.345294189453125000e+01
9.336721038818359375e+01
9.327819824218750000e+01
9.318591308593750000e+01
9.309033966064453125e+01
9.299144744873046875e+01
9.288924407958984375e+01
9.278370666503906250e+01
9.267482757568359375e+01
9.256259155273437500e+01
9.244698333740234375e+01
9.232800292968750000e+01
9.220561981201171875e+01
9.207984161376953125e+01
9.195063781738281250e+01
9.181800079345703125e+01
9.168193054199218750e+01
9.154240417480468750e+01
9.139941406250000000e+01
9.125293731689453125e+01
9.110297393798828125e+01
9.094950103759765625e+01
9.079251098632812500e+01
9.063200378417968750e+01
9.046794891357421875e+01
9.030033874511718750e+01
9.012916564941406250e+01
8.995441436767578125e+01
8.977606964111328125e+01
8.959413146972656250e+01
8.940856933593750000e+01
8.921938323974609375e+01
8.902657318115234375e+01
8.883018493652343750e+01
8.863027954101562500e+01
8.842691802978515625e+01
8.822016143798828125e+01
8.801007843017578125e+01
8.779672241210937500e+01
8.758016967773437500e+01
8.736046600341796875e+01
8.713768005371093750e+01
8.691187286376953125e+01
8.668310546875000000e+01
8.645144653320312500e+01
8.621694183349609375e+01
8.597966766357421875e+01
8.573968505859375000e+01
8.549704742431640625e+01
8.525182342529296875e+01
8.500407409667968750e+01
8.475385284423828125e+01
8.450123596191406250e+01
8.424628448486328125e+01
8.398904418945312500e+01
8.372958374023437500e+01
8.346797180175781250e+01
8.320426177978515625e+01
8.293852996826171875e+01
8.267082214355468750e+01
8.240120697021484375e+01
8.212974548339843750e+01
8.185649871826171875e+01
8.158152770996093750e+01
8.130490112304687500e+01
8.102666473388671875e+01
8.074690246582031250e+01
8.046566009521484375e+01
8.018300628662109375e+01
7.989899444580078125e+01
7.961369323730468750e+01
7.932717895507812500e+01
7.903948211669921875e+01
7.875068664550781250e+01
7.846085357666015625e+01
7.817002105712890625e+01
7.787828826904296875e+01
7.758569335937500000e+01
7.729230499267578125e+01
7.699817657470703125e+01
7.670338439941406250e+01
7.640797424316406250e+01
7.611202239990234375e+01
7.581558227539062500e+01
7.551871490478515625e+01
7.522148132324218750e+01
7.492394256591796875e+01
7.462615966796875000e+01
7.432820129394531250e+01
7.403011322021484375e+01
7.373197174072265625e+01
7.343382263183593750e+01
7.313573455810546875e+01
7.283777618408203125e+01
7.253999328613281250e+01
7.224245452880859375e+01
7.194522094726562500e+01
7.164835357666015625e+01
7.135191345214843750e+01
7.105595397949218750e+01
7.076055145263671875e+01
7.046575164794921875e+01
7.017162322998046875e+01
6.987822723388671875e+01
6.958561706542968750e+01
6.929386138916015625e+01
6.900302886962890625e+01
6.871315765380859375e+01
6.842432403564453125e+01
6.813658905029296875e+01
6.785001373291015625e+01
6.756465148925781250e+01
6.728057098388671875e+01
6.699781799316406250e+01
6.671647644042968750e+01
6.643659210205078125e+01
6.615823364257812500e+01
6.588146209716796875e+01
6.560632324218750000e+01
6.533289337158203125e+01
6.506123352050781250e+01
6.479139709472656250e+01
6.452344512939453125e+01
6.425744628906250000e+01
6.399345397949218750e+01
6.373152923583984375e+01
6.347174072265625000e+01
6.321414184570312500e+01
6.295878982543945312e+01
6.270575714111328125e+01
6.245509719848632812e+01
6.220687103271484375e+01
6.196113967895507812e+01
6.171790695190429688e+01
6.147718811035156250e+01
6.123900222778320312e+01
6.100334548950195312e+01
6.077023315429687500e+01
6.053967666625976562e+01
6.031168365478515625e+01
6.008626556396484375e+01
5.986343383789062500e+01
5.964318466186523438e+01
5.942554855346679688e+01
5.921052169799804688e+01
5.899811935424804688e+01
5.878834533691406250e+01
5.858121490478515625e+01
5.837673187255859375e+01
5.817491149902343750e+01
5.797576141357421875e+01
5.777928924560546875e+01
5.758551406860351562e+01
5.739443206787109375e+01
5.720606613159179688e+01
5.702041625976562500e+01
5.683749389648437500e+01
5.665731048583984375e+01
5.647987365722656250e+01
5.630519485473632812e+01
5.613328170776367188e+01
5.596414947509765625e+01
5.579780578613281250e+01
5.563425827026367188e+01
5.547351455688476562e+01
5.531558227539062500e+01
5.516048431396484375e+01
5.500821685791015625e+01
5.485879135131835938e+01
5.471223068237304688e+01
5.456851959228515625e+01
5.442769622802734375e+01
5.428974914550781250e+01
5.415469741821289062e+01
5.402255249023437500e+01
5.389331436157226562e+01
5.376700210571289062e+01
5.364362335205078125e+01
5.352318572998046875e+01
5.340569686889648438e+01
5.329117202758789062e+01
5.317961502075195312e+01
5.307103347778320312e+01
5.296537780761718750e+01
5.286260604858398438e+01
5.276266860961914062e+01
5.266550445556640625e+01
5.257107162475585938e+01
5.247932052612304688e+01
5.239020156860351562e+01
5.230365753173828125e+01
5.221964645385742188e+01
5.213811492919921875e+01
5.205901336669921875e+01
5.198228836059570312e+01
5.190790176391601562e+01
5.183578872680664062e+01
5.176590347290039062e+01
5.169820022583007812e+01
5.163262939453125000e+01
5.156912994384765625e+01
5.150766754150390625e+01
5.144817733764648438e+01
5.139062118530273438e+01
5.133494186401367188e+01
5.128109359741210938e+01
5.122902297973632812e+01
5.117868041992187500e+01
5.113001632690429688e+01
5.108298110961914062e+01
5.103752517700195312e+01
5.099359512329101562e+01
5.095114517211914062e+01
5.091012573242187500e+01
5.087048339843750000e+01
5.083216857910156250e+01
5.079513168334960938e+01
5.075931930541992188e+01
5.072468948364257812e+01
5.069118499755859375e+01
5.065876007080078125e+01
5.062736129760742188e+01
5.059693908691406250e+01
5.056744766235351562e+01
5.053883361816406250e+01
5.051104354858398438e+01
5.048403167724609375e+01
5.045775222778320312e+01
5.043214416503906250e+01
5.040716171264648438e+01
5.038276290893554688e+01
5.035888290405273438e+01
5.033549118041992188e+01
5.031256866455078125e+01
5.029009628295898438e+01
5.026808166503906250e+01
5.024649810791015625e+01
5.022534561157226562e+01
5.020461654663085938e+01
5.018429183959960938e+01
5.016437149047851562e+01
5.014484024047851562e+01
5.012569046020507812e+01
5.010691070556640625e+01
5.008849716186523438e+01
5.007043838500976562e+01
5.005271911621093750e+01
5.003533172607421875e+01
5.001827239990234375e+01
5.000152587890625000e+01
4.998508453369140625e+01
4.996893692016601562e+01
4.995307922363281250e+01
4.993749618530273438e+01
4.992218017578125000e+01
4.990712356567382812e+01
4.989231109619140625e+01
4.987773895263671875e+01
4.986339569091796875e+01
4.984926986694335938e+01
4.983535385131835938e+01
4.982164382934570312e+01
4.980812072753906250e+01
4.979477691650390625e+01
4.978160858154296875e+01
4.976860046386718750e+01
4.975574493408203125e+01
4.974303054809570312e+01
4.973044967651367188e+01
4.971799468994140625e+01
4.970565414428710938e+01
4.969342041015625000e+01
4.968127822875976562e+01
4.966922378540039062e+01
4.965724563598632812e+01
4.964533233642578125e+01
4.963347625732421875e+01
4.962167358398437500e+01
4.960990142822265625e+01
4.959816360473632812e+01
4.958644104003906250e+01
4.957472991943359375e+01
