0.000000000000000000e+00 0.000000000000000000e+00 0.000000000000000000e+00 9.999999999999999547e-07 0.000000000000000000e+00 0.000000000000000000e+00 0.000000000000000000e+00 7.999999999999999638e-06 0.000000000000000000e+00 0.000000000000000000e+00 0.000000000000000000e+00 0.000000000000000000e+00 1.479999999999999925e-04 2.649999999999999903e-04 1.179999999999999951e-04 0.000000000000000000e+00
0.000000000000000000e+00 0.000000000000000000e+00 0.000000000000000000e+00 4.000000000000000192e-04 4.824000000000000163e-03 1.642100000000000157e-02 2.449399999999999841e-02 3.791699999999999932e-02 6.774700000000000166e-02 1.076499999999999957e-01 1.576190000000000091e-01 2.250060000000000116e-01 3.174420000000000019e-01 4.295329999999999981e-01 5.248369999999999980e-01 5.825369999999999715e-01
6.022469999999999768e-01 5.844679999999999875e-01 5.310179999999999900e-01 4.510830000000000117e-01 3.564129999999999798e-01 2.587590000000000168e-01 1.698719999999999952e-01 1.008840000000000015e-01 2.498200000000000073e-02 1.988000000000000184e-03 0.000000000000000000e+00 0.000000000000000000e+00 0.000000000000000000e+00 0.000000000000000000e+00 0.000000000000000000e+00 3.989999999999999949e-04
3.840000000000000097e-04 2.640000000000000202e-04 0.000000000000000000e+00 0.000000000000000000e+00 0.000000000000000000e+00 0.000000000000000000e+00 0.000000000000000000e+00 0.000000000000000000e+00 0.000000000000000000e+00 0.000000000000000000e+00 0.000000000000000000e+00 0.000000000000000000e+00 0.000000000000000000e+00 0.000000000000000000e+00 0.000000000000000000e+00 9.999999999999999547e-07
0.000000000000000000e+00 0.000000000000000000e+00 0.000000000000000000e+00 7.999999999999999638e-06 0.000000000000000000e+00 0.000000000000000000e+00 0.000000000000000000e+00 0.000000000000000000e+00 1.479999999999999925e-04 2.649999999999999903e-04 1.179999999999999951e-04 0.000000000000000000e+00 0.000000000000000000e+00 0.000000000000000000e+00 0.000000000000000000e+00 4.000000000000000192e-04
4.824000000000000163e-03 1.642100000000000157e-02 2.449399999999999841e-02 3.791699999999999932e-02 6.774700000000000166e-02 1.076499999999999957e-01 1.576190000000000091e-01 2.250060000000000116e-01 3.174420000000000019e-01 4.295329999999999981e-01 5.248369999999999980e-01 5.825369999999999715e-01 6.022469999999999768e-01 5.844679999999999875e-01 5.310179999999999900e-01 4.510830000000000117e-01
3.564129999999999798e-01 2.587590000000000168e-01 1.698719999999999952e-01 1.008840000000000015e-01 2.498200000000000073e-02 1.988000000000000184e-03 0.000000000000000000e+00 0.000000000000000000e+00 0.000000000000000000e+00 0.000000000000000000e+00 0.000000000000000000e+00 3.989999999999999949e-04 3.840000000000000097e-04 2.640000000000000202e-04 0.000000000000000000e+00 0.000000000000000000e+00
0.000000000000000000e+00 0.000000000000000000e+00 0.000000000000000000e+00 0.000000000000000000e+00 0.000000000000000000e+00 0.000000000000000000e+00 0.000000000000000000e+00 0.000000000000000000e+00 0.000000000000000000e+00 0.000000000000000000e+00 0.000000000000000000e+00 0.000000000000000000e+00 0.000000000000000000e+00 0.000000000000000000e+00 0.000000000000000000e+00 3.999999999999999819e-06
0.000000000000000000e+00 0.000000000000000000e+00 0.000000000000000000e+00 0.000000000000000000e+00 7.399999999999999623e-05 1.320000000000000101e-04 9.399999999999999448e-05 0.000000000000000000e+00 0.000000000000000000e+00 0.000000000000000000e+00 1.350000000000000017e-04 1.600000000000000077e-03 4.232999999999999784e-03 1.282999999999999939e-02 2.538599999999999884e-02 4.495099999999999790e-02
7.543099999999999805e-02 1.175589999999999968e-01 1.722170000000000090e-01 2.406169999999999976e-01 3.239659999999999762e-01 4.165209999999999746e-01 4.959779999999999744e-01 5.484320000000000306e-01 5.709330000000000238e-01 5.610110000000000374e-01 5.177199999999999580e-01 4.486539999999999973e-01 3.643710000000000004e-01 2.754380000000000162e-01 1.924170000000000047e-01 1.253479999999999872e-01
4.346900000000000069e-02 9.934999999999999387e-03 0.000000000000000000e+00 0.000000000000000000e+00 1.454999999999999913e-03 2.187999999999999841e-03 1.413999999999999892e-03 5.190000000000000386e-04 1.920000000000000049e-04 1.869999999999999917e-04 2.120000000000000031e-04 7.499999999999999343e-05 0.000000000000000000e+00 0.000000000000000000e+00 2.799999999999999958e-05 3.899999999999999929e-05
0.000000000000000000e+00 0.000000000000000000e+00 0.000000000000000000e+00 0.000000000000000000e+00 0.000000000000000000e+00 0.000000000000000000e+00 0.000000000000000000e+00 0.000000000000000000e+00 0.000000000000000000e+00 9.999999999999999547e-07 0.000000000000000000e+00 0.000000000000000000e+00 0.000000000000000000e+00 9.000000000000000228e-06 1.500000000000000038e-05 0.000000000000000000e+00
0.000000000000000000e+00 0.000000000000000000e+00 6.999999999999999387e-05 3.499999999999999964e-04 8.170000000000000179e-04 1.418999999999999906e-03 2.099000000000000171e-03 2.799999999999999972e-03 3.642999999999999971e-03 9.237999999999999684e-03 2.627799999999999928e-02 5.198599999999999749e-02 8.311399999999999344e-02 1.274679999999999980e-01 1.868150000000000088e-01 2.562289999999999845e-01
3.304900000000000060e-01 4.035090000000000066e-01 4.671190000000000064e-01 5.143259999999999499e-01 5.396189999999999598e-01 5.375550000000000050e-01 5.044229999999999547e-01 4.462240000000000095e-01 3.723299999999999943e-01 2.921170000000000155e-01 2.149619999999999864e-01 1.498109999999999997e-01 6.195699999999999819e-02 1.788299999999999959e-02 2.083000000000000216e-03 1.763999999999999943e-03
5.876000000000000147e-03 5.986000000000000001e-03 3.167000000000000110e-03 6.390000000000000280e-04 0.000000000000000000e+00 1.100000000000000039e-04 4.350000000000000026e-04 2.010000000000000068e-04 0.000000000000000000e+00 0.000000000000000000e+00 7.600000000000000418e-05 1.069999999999999988e-04 0.000000000000000000e+00 0.000000000000000000e+00 0.000000000000000000e+00 0.000000000000000000e+00
0.000000000000000000e+00 0.000000000000000000e+00 0.000000000000000000e+00 0.000000000000000000e+00 0.000000000000000000e+00 0.000000000000000000e+00 0.000000000000000000e+00 1.999999999999999909e-06 0.000000000000000000e+00 0.000000000000000000e+00 0.000000000000000000e+00 0.000000000000000000e+00 4.600000000000000004e-05 1.100000000000000039e-04 1.730000000000000038e-04 2.190000000000000106e-04
3.289999999999999739e-04 6.970000000000000284e-04 1.521000000000000000e-03 3.001000000000000195e-03 5.361999999999999579e-03 1.409999999999999969e-02 3.051999999999999852e-02 5.553700000000000303e-02 8.965199999999999558e-02 1.349670000000000036e-01 1.916150000000000075e-01 2.576550000000000229e-01 3.310500000000000109e-01 4.065280000000000005e-01 4.711219999999999852e-01 5.158770000000000300e-01
5.370409999999999906e-01 5.310880000000000045e-01 4.959390000000000187e-01 4.375979999999999870e-01 3.648810000000000109e-01 2.866070000000000007e-01 2.115940000000000043e-01 1.482539999999999969e-01 6.248599999999999988e-02 1.883100000000000052e-02 2.278000000000000077e-03 7.510000000000000399e-04 4.067000000000000302e-03 4.380000000000000213e-03 2.320000000000000014e-03 4.369999999999999970e-04
0.000000000000000000e+00 1.240000000000000054e-04 3.939999999999999817e-04 1.779999999999999898e-04 0.000000000000000000e+00 0.000000000000000000e+00 6.700000000000000226e-05 9.399999999999999448e-05 0.000000000000000000e+00 0.000000000000000000e+00 0.000000000000000000e+00 0.000000000000000000e+00 0.000000000000000000e+00 0.000000000000000000e+00 0.000000000000000000e+00 0.000000000000000000e+00
0.000000000000000000e+00 0.000000000000000000e+00 0.000000000000000000e+00 0.000000000000000000e+00 0.000000000000000000e+00 6.000000000000000152e-06 9.000000000000000228e-06 0.000000000000000000e+00 0.000000000000000000e+00 0.000000000000000000e+00 9.100000000000000287e-05 3.249999999999999851e-04 7.919999999999999523e-04 1.631000000000000071e-03 2.985999999999999939e-03 5.000000000000000104e-03
7.844999999999999543e-03 1.722500000000000073e-02 3.376799999999999941e-02 6.246100000000000263e-02 1.055650000000000061e-01 1.594609999999999916e-01 2.210209999999999952e-01 2.879519999999999857e-01 3.579849999999999977e-01 4.257489999999999886e-01 4.785539999999999794e-01 5.089179999999999815e-01 5.157169999999999810e-01 4.981010000000000160e-01 4.562280000000000224e-01 3.958809999999999829e-01
3.248010000000000064e-01 2.507300000000000084e-01 1.814099999999999879e-01 1.242049999999999960e-01 4.989500000000000185e-02 1.468299999999999987e-02 1.538000000000000088e-03 0.000000000000000000e+00 1.652999999999999955e-03 2.491999999999999858e-03 2.167999999999999788e-03 2.066999999999999827e-03 2.795000000000000175e-03 3.917000000000000343e-03 5.395999999999999755e-03 6.610999999999999689e-03
6.180999999999999862e-03 4.553999999999999888e-03 2.720999999999999894e-03 1.693999999999999976e-03 1.350000000000000071e-03 4.510000000000000120e-04 0.000000000000000000e+00 0.000000000000000000e+00 0.000000000000000000e+00 0.000000000000000000e+00 0.000000000000000000e+00 0.000000000000000000e+00 0.000000000000000000e+00 0.000000000000000000e+00 0.000000000000000000e+00 0.000000000000000000e+00
0.000000000000000000e+00 6.000000000000000152e-06 9.000000000000000228e-06 0.000000000000000000e+00 0.000000000000000000e+00 2.500000000000000120e-05 2.079999999999999872e-04 6.109999999999999980e-04 1.268999999999999946e-03 2.167000000000000089e-03 3.284000000000000027e-03 4.599999999999999922e-03 6.295000000000000248e-03 1.492199999999999950e-02 3.788300000000000001e-02 7.350500000000000089e-02
1.160629999999999995e-01 1.670929999999999915e-01 2.262059999999999904e-01 2.906610000000000027e-01 3.576019999999999754e-01 4.211619999999999808e-01 4.683919999999999750e-01 4.923609999999999931e-01 4.932559999999999722e-01 4.715799999999999992e-01 4.285869999999999957e-01 3.697630000000000083e-01 3.020630000000000259e-01 2.324430000000000107e-01 1.678590000000000082e-01 1.149239999999999984e-01
4.691300000000000331e-02 1.536799999999999972e-02 3.729999999999999809e-03 1.791000000000000057e-03 3.441000000000000048e-03 3.931999999999999731e-03 3.282000000000000195e-03 2.590999999999999987e-03 2.380000000000000171e-03 2.396000000000000126e-03 2.286999999999999970e-03 1.616000000000000032e-03 8.159999999999999936e-04 2.079999999999999872e-04 0.000000000000000000e+00 0.000000000000000000e+00
0.000000000000000000e+00 0.000000000000000000e+00 0.000000000000000000e+00 0.000000000000000000e+00 0.000000000000000000e+00 0.000000000000000000e+00 0.000000000000000000e+00 0.000000000000000000e+00 0.000000000000000000e+00 0.000000000000000000e+00 0.000000000000000000e+00 1.999999999999999909e-06 0.000000000000000000e+00 0.000000000000000000e+00 0.000000000000000000e+00 0.000000000000000000e+00
4.800000000000000122e-05 1.129999999999999955e-04 1.740000000000000010e-04 2.169999999999999891e-04 3.609999999999999928e-04 8.819999999999999715e-04 2.066999999999999827e-03 4.200999999999999873e-03 7.583000000000000330e-03 1.951800000000000063e-02 4.067500000000000282e-02 7.116300000000000403e-02 1.103119999999999934e-01 1.595409999999999884e-01 2.181740000000000068e-01 2.833120000000000083e-01
3.519479999999999831e-01 4.177029999999999910e-01 4.662839999999999763e-01 4.903410000000000268e-01 4.907099999999999795e-01 4.685810000000000253e-01 4.257920000000000038e-01 3.677739999999999898e-01 3.012139999999999818e-01 2.327990000000000059e-01 1.692140000000000033e-01 1.168160000000000032e-01 4.847900000000000126e-02 1.551800000000000054e-02 2.286999999999999970e-03 0.000000000000000000e+00
3.100000000000000135e-05 5.119999999999999768e-04 2.359999999999999902e-04 0.000000000000000000e+00 0.000000000000000000e+00 0.000000000000000000e+00 8.200000000000000095e-05 4.699999999999999724e-05 0.000000000000000000e+00 0.000000000000000000e+00 1.800000000000000046e-05 2.500000000000000120e-05 0.000000000000000000e+00 0.000000000000000000e+00 0.000000000000000000e+00 0.000000000000000000e+00
0.000000000000000000e+00 0.000000000000000000e+00 0.000000000000000000e+00 9.999999999999999547e-07 0.000000000000000000e+00 0.000000000000000000e+00 0.000000000000000000e+00 1.000000000000000082e-05 0.000000000000000000e+00 0.000000000000000000e+00 0.000000000000000000e+00 0.000000000000000000e+00 2.000000000000000096e-04 3.840000000000000097e-04 3.660000000000000059e-04 0.000000000000000000e+00
0.000000000000000000e+00 0.000000000000000000e+00 1.640000000000000019e-04 2.801000000000000104e-03 7.577000000000000401e-03 2.162000000000000033e-02 3.804799999999999849e-02 6.754599999999999493e-02 1.165390000000000037e-01 1.694319999999999993e-01 2.206670000000000020e-01 2.760150000000000103e-01 3.417129999999999890e-01 4.144059999999999966e-01 4.679659999999999931e-01 4.897650000000000059e-01
4.842049999999999965e-01 4.564329999999999776e-01 4.116219999999999879e-01 3.551010000000000000e-01 2.922540000000000138e-01 2.284660000000000024e-01 1.691209999999999936e-01 1.193430000000000046e-01 5.130699999999999844e-02 1.580900000000000014e-02 1.446999999999999936e-03 0.000000000000000000e+00 1.252000000000000075e-03 1.866999999999999953e-03 1.021999999999999905e-03 1.289999999999999914e-04
0.000000000000000000e+00 0.000000000000000000e+00 1.050000000000000044e-04 5.899999999999999754e-05 0.000000000000000000e+00 0.000000000000000000e+00 2.300000000000000002e-05 3.199999999999999855e-05 0.000000000000000000e+00 0.000000000000000000e+00 0.000000000000000000e+00 0.000000000000000000e+00 0.000000000000000000e+00 0.000000000000000000e+00 0.000000000000000000e+00 0.000000000000000000e+00
0.000000000000000000e+00 0.000000000000000000e+00 0.000000000000000000e+00 0.000000000000000000e+00 0.000000000000000000e+00 5.000000000000000409e-06 6.999999999999999895e-06 0.000000000000000000e+00 0.000000000000000000e+00 0.000000000000000000e+00 0.000000000000000000e+00 3.699999999999999811e-05 2.750000000000000166e-04 9.210000000000000521e-04 2.216000000000000088e-03 4.400000000000000265e-03
7.740999999999999617e-03 1.943599999999999842e-02 4.050800000000000234e-02 7.390700000000000047e-02 1.194360000000000005e-01 1.734829999999999983e-01 2.325089999999999935e-01 2.932400000000000007e-01 3.524129999999999763e-01 4.055940000000000101e-01 4.456220000000000181e-01 4.679139999999999966e-01 4.708950000000000080e-01 4.531189999999999940e-01 4.141179999999999861e-01 3.588850000000000096e-01
2.943109999999999893e-01 2.272879999999999900e-01 1.647099999999999953e-01 1.131319999999999965e-01 4.617799999999999683e-02 1.436699999999999956e-02 2.161000000000000160e-03 0.000000000000000000e+00 1.031999999999999931e-03 1.255000000000000039e-03 4.749999999999999990e-04 0.000000000000000000e+00 0.000000000000000000e+00 1.279999999999999942e-04 3.800000000000000209e-04 1.700000000000000122e-04
0.000000000000000000e+00 0.000000000000000000e+00 6.399999999999999710e-05 9.000000000000000567e-05 0.000000000000000000e+00 0.000000000000000000e+00 0.000000000000000000e+00 0.000000000000000000e+00 0.000000000000000000e+00 0.000000000000000000e+00 0.000000000000000000e+00 0.000000000000000000e+00 0.000000000000000000e+00 0.000000000000000000e+00 0.000000000000000000e+00 3.000000000000000076e-06
0.000000000000000000e+00 0.000000000000000000e+00 0.000000000000000000e+00 0.000000000000000000e+00 7.200000000000000182e-05 1.559999999999999972e-04 2.049999999999999956e-04 1.769999999999999926e-04 1.710000000000000094e-04 4.560000000000000251e-04 1.307000000000000002e-03 3.000000000000000062e-03 5.900999999999999995e-03 1.829199999999999923e-02 4.450699999999999795e-02 8.270199999999999774e-02
1.282989999999999964e-01 1.824729999999999963e-01 2.435890000000000000e-01 3.068580000000000196e-01 3.673480000000000079e-01 4.187330000000000219e-01 4.515370000000000217e-01 4.618269999999999875e-01 4.517240000000000144e-01 4.236150000000000193e-01 3.802099999999999924e-01 3.260330000000000172e-01 2.662390000000000034e-01 2.059860000000000024e-01 1.504290000000000072e-01 1.044660000000000033e-01
4.343999999999999945e-02 1.310599999999999959e-02 9.899999999999999946e-04 0.000000000000000000e+00 3.899999999999999929e-05 6.489999999999999459e-04 2.990000000000000036e-04 0.000000000000000000e+00 0.000000000000000000e+00 0.000000000000000000e+00 1.050000000000000044e-04 5.899999999999999754e-05 0.000000000000000000e+00 0.000000000000000000e+00 2.300000000000000002e-05 3.199999999999999855e-05
0.000000000000000000e+00 0.000000000000000000e+00 0.000000000000000000e+00 0.000000000000000000e+00 0.000000000000000000e+00 0.000000000000000000e+00 0.000000000000000000e+00 0.000000000000000000e+00 0.000000000000000000e+00 0.000000000000000000e+00 0.000000000000000000e+00 5.000000000000000409e-06 0.000000000000000000e+00 0.000000000000000000e+00 0.000000000000000000e+00 0.000000000000000000e+00
1.050000000000000044e-04 2.149999999999999947e-04 2.469999999999999865e-04 1.240000000000000054e-04 0.000000000000000000e+00 2.489999999999999809e-04 1.312999999999999931e-03 3.599999999999999901e-03 7.519999999999999775e-03 2.183300000000000171e-02 4.731799999999999895e-02 8.557399999999999729e-02 1.350240000000000051e-01 1.919770000000000088e-01 2.526729999999999809e-01 3.133980000000000099e-01
3.704339999999999855e-01 4.185740000000000016e-01 4.491970000000000129e-01 4.585609999999999964e-01 4.483539999999999748e-01 4.205010000000000137e-01 3.773130000000000095e-01 3.232829999999999870e-01 2.636580000000000035e-01 2.036860000000000059e-01 1.486159999999999981e-01 1.034289999999999932e-01 4.448599999999999777e-02 1.585400000000000004e-02 3.863999999999999813e-03 2.889999999999999774e-04
4.119999999999999856e-04 4.949999999999999973e-04 1.910000000000000077e-04 0.000000000000000000e+00 0.000000000000000000e+00 0.000000000000000000e+00 6.499999999999999431e-05 3.699999999999999811e-05 0.000000000000000000e+00 0.000000000000000000e+00 1.399999999999999979e-05 2.000000000000000164e-05 0.000000000000000000e+00 0.000000000000000000e+00 0.000000000000000000e+00 0.000000000000000000e+00
0.000000000000000000e+00 0.000000000000000000e+00 0.000000000000000000e+00 0.000000000000000000e+00 0.000000000000000000e+00 0.000000000000000000e+00 0.000000000000000000e+00 5.000000000000000409e-06 0.000000000000000000e+00 0.000000000000000000e+00 0.000000000000000000e+00 0.000000000000000000e+00 1.010000000000000020e-04 2.079999999999999872e-04 2.420000000000000005e-04 1.320000000000000101e-04
7.799999999999999859e-05 5.869999999999999567e-04 2.184999999999999876e-03 5.400000000000000286e-03 1.068599999999999932e-02 2.808499999999999885e-02 5.525499999999999856e-02 9.287800000000000222e-02 1.414620000000000044e-01 2.012510000000000132e-01 2.681600000000000095e-01 3.337800000000000211e-01 3.895179999999999754e-01 4.280780000000000141e-01 4.454929999999999723e-01 4.416820000000000190e-01
4.199709999999999832e-01 3.838309999999999778e-01 3.368220000000000103e-01 2.829860000000000153e-01 2.265320000000000111e-01 1.716699999999999893e-01 1.226079999999999948e-01 8.332599999999999729e-02 3.433300000000000241e-02 1.256799999999999931e-02 3.791999999999999798e-03 6.440000000000000412e-04 1.990000000000000124e-04 1.289999999999999914e-04 4.100000000000000047e-05 0.000000000000000000e+00
0.000000000000000000e+00 0.000000000000000000e+00 1.299999999999999920e-05 7.999999999999999638e-06 0.000000000000000000e+00 0.000000000000000000e+00 3.000000000000000076e-06 3.999999999999999819e-06 0.000000000000000000e+00 0.000000000000000000e+00 0.000000000000000000e+00 0.000000000000000000e+00 0.000000000000000000e+00 9.999999999999999547e-07 0.000000000000000000e+00 0.000000000000000000e+00
0.000000000000000000e+00 3.000000000000000076e-06 0.000000000000000000e+00 0.000000000000000000e+00 0.000000000000000000e+00 5.899999999999999754e-05 1.389999999999999905e-04 2.000000000000000096e-04 2.310000000000000042e-04 3.420000000000000188e-04 6.719999999999999628e-04 1.358000000000000049e-03 2.539000000000000024e-03 4.348999999999999568e-03 6.923999999999999599e-03 1.039999999999999952e-02
1.500199999999999971e-02 3.003099999999999867e-02 5.722800000000000109e-02 9.890500000000000680e-02 1.527999999999999914e-01 2.145769999999999900e-01 2.783909999999999996e-01 3.369849999999999790e-01 3.830549999999999788e-01 4.120489999999999986e-01 4.260990000000000055e-01 4.266490000000000005e-01 4.134360000000000257e-01 3.861200000000000188e-01 3.449920000000000209e-01 2.938470000000000248e-01
2.376999999999999946e-01 1.815660000000000052e-01 1.304599999999999926e-01 8.913799999999999502e-02 3.706199999999999772e-02 1.349700000000000032e-02 4.096999999999999947e-03 1.103000000000000031e-03 1.005999999999999950e-03 1.023999999999999954e-03 7.889999999999999878e-04 4.840000000000000010e-04 2.249999999999999938e-04 3.499999999999999693e-05 0.000000000000000000e+00 0.000000000000000000e+00
3.000000000000000076e-05 2.199999999999999943e-05 0.000000000000000000e+00 0.000000000000000000e+00 0.000000000000000000e+00 0.000000000000000000e+00 0.000000000000000000e+00 0.000000000000000000e+00 0.000000000000000000e+00 0.000000000000000000e+00 0.000000000000000000e+00 0.000000000000000000e+00 0.000000000000000000e+00 9.999999999999999547e-07 0.000000000000000000e+00 0.000000000000000000e+00
0.000000000000000000e+00 2.099999999999999884e-05 3.300000000000000253e-05 0.000000000000000000e+00 0.000000000000000000e+00 0.000000000000000000e+00 1.269999999999999970e-04 7.190000000000000210e-04 1.822000000000000052e-03 3.557999999999999965e-03 6.043999999999999893e-03 9.400000000000000369e-03 1.394899999999999959e-02 3.141000000000000042e-02 6.831700000000000272e-02 1.191720000000000002e-01
1.743599999999999872e-01 2.369989999999999875e-01 3.040059999999999985e-01 3.653219999999999801e-01 4.106000000000000205e-01 4.325890000000000013e-01 4.317159999999999886e-01 4.113800000000000234e-01 3.768029999999999990e-01 3.332879999999999732e-01 2.857729999999999992e-01 2.371630000000000127e-01 1.896519999999999873e-01 1.454350000000000087e-01 1.067069999999999963e-01 7.552899999999999892e-02
3.502899999999999764e-02 1.508100000000000065e-02 5.676999999999999755e-03 1.482999999999999943e-03 1.830000000000000029e-04 0.000000000000000000e+00 0.000000000000000000e+00 3.300000000000000253e-05 4.699999999999999724e-05 1.000000000000000082e-05 0.000000000000000000e+00 0.000000000000000000e+00 9.000000000000000228e-06 6.000000000000000152e-06 0.000000000000000000e+00 0.000000000000000000e+00
0.000000000000000000e+00 0.000000000000000000e+00 0.000000000000000000e+00 0.000000000000000000e+00 0.000000000000000000e+00 0.000000000000000000e+00 0.000000000000000000e+00 0.000000000000000000e+00 0.000000000000000000e+00 0.000000000000000000e+00 0.000000000000000000e+00 0.000000000000000000e+00 0.000000000000000000e+00 9.999999999999999547e-07 1.999999999999999909e-06 0.000000000000000000e+00
1.599999999999999928e-05 1.669999999999999935e-04 5.929999999999999941e-04 1.438000000000000042e-03 2.968999999999999851e-03 5.596000000000000280e-03 9.737000000000000863e-03 1.580900000000000014e-02 2.437800000000000036e-02 5.377200000000000035e-02 1.072499999999999981e-01 1.733979999999999966e-01 2.381719999999999948e-01 3.078730000000000078e-01 3.773159999999999847e-01 4.286150000000000237e-01
4.433670000000000111e-01 4.161670000000000091e-01 3.728139999999999787e-01 3.289819999999999967e-01 2.854289999999999883e-01 2.422630000000000061e-01 1.997349999999999959e-01 1.588960000000000095e-01 1.210730000000000001e-01 8.759699999999999431e-02 5.979399999999999993e-02 3.889000000000000096e-02 1.560800000000000035e-02 7.739000000000000219e-03 4.617999999999999709e-03 2.167999999999999788e-03
5.689999999999999529e-04 0.000000000000000000e+00 0.000000000000000000e+00 3.600000000000000091e-05 5.199999999999999680e-05 1.099999999999999971e-05 0.000000000000000000e+00 0.000000000000000000e+00 1.000000000000000082e-05 6.999999999999999895e-06 0.000000000000000000e+00 0.000000000000000000e+00 0.000000000000000000e+00 0.000000000000000000e+00 0.000000000000000000e+00 0.000000000000000000e+00
