0.000000000000000000e+00 0.000000000000000000e+00 0.000000000000000000e+00 0.000000000000000000e+00 0.000000000000000000e+00 0.000000000000000000e+00 0.000000000000000000e+00 0.000000000000000000e+00 0.000000000000000000e+00 9.999999999999999547e-07 1.999999999999999909e-06 0.000000000000000000e+00 0.000000000000000000e+00 0.000000000000000000e+00 0.000000000000000000e+00 1.000000000000000082e-05
4.800000000000000122e-05 1.190000000000000058e-04 2.329999999999999986e-04 4.000000000000000192e-04 5.349999999999999938e-04 6.470000000000000057e-04 0.000000000000000000e+00 1.232000000000000022e-03 7.765000000000000201e-03 1.279100000000000029e-02 1.613500000000000004e-02 2.421399999999999941e-02 4.372299999999999798e-02 7.841800000000000159e-02 1.249709999999999988e-01 1.818990000000000051e-01
2.506439999999999779e-01 3.327789999999999915e-01 4.288440000000000030e-01 5.336140000000000327e-01 6.398570000000000091e-01 7.403429999999999733e-01 8.278379999999999628e-01 8.955379999999999452e-01 9.734359999999999680e-01 1.000000000000000000e+00 1.000000000000000000e+00 1.000000000000000000e+00 1.000000000000000000e+00 1.000000000000000000e+00 1.000000000000000000e+00 1.000000000000000000e+00
1.000000000000000000e+00 1.000000000000000000e+00 1.000000000000000000e+00 1.000000000000000000e+00 1.000000000000000000e+00 1.000000000000000000e+00 9.451019999999999976e-01 6.007900000000000462e-01 1.398500000000000021e-01 0.000000000000000000e+00 0.000000000000000000e+00 0.000000000000000000e+00 0.000000000000000000e+00 0.000000000000000000e+00 0.000000000000000000e+00 0.000000000000000000e+00
0.000000000000000000e+00 0.000000000000000000e+00 0.000000000000000000e+00 0.000000000000000000e+00 0.000000000000000000e+00 9.999999999999999547e-07 1.999999999999999909e-06 0.000000000000000000e+00 0.000000000000000000e+00 0.000000000000000000e+00 0.000000000000000000e+00 1.000000000000000082e-05 4.800000000000000122e-05 1.190000000000000058e-04 2.329999999999999986e-04 4.000000000000000192e-04
5.349999999999999938e-04 6.470000000000000057e-04 0.000000000000000000e+00 1.232000000000000022e-03 7.765000000000000201e-03 1.279100000000000029e-02 1.613500000000000004e-02 2.421399999999999941e-02 4.372299999999999798e-02 7.841800000000000159e-02 1.249709999999999988e-01 1.818990000000000051e-01 2.506439999999999779e-01 3.327789999999999915e-01 4.288440000000000030e-01 5.336140000000000327e-01
6.398570000000000091e-01 7.403429999999999733e-01 8.278379999999999628e-01 8.955379999999999452e-01 9.734359999999999680e-01 1.000000000000000000e+00 1.000000000000000000e+00 1.000000000000000000e+00 1.000000000000000000e+00 1.000000000000000000e+00 1.000000000000000000e+00 1.000000000000000000e+00 1.000000000000000000e+00 1.000000000000000000e+00 1.000000000000000000e+00 1.000000000000000000e+00
1.000000000000000000e+00 1.000000000000000000e+00 9.451019999999999976e-01 6.007900000000000462e-01 1.398500000000000021e-01 0.000000000000000000e+00 0.000000000000000000e+00 0.000000000000000000e+00 0.000000000000000000e+00 0.000000000000000000e+00 0.000000000000000000e+00 0.000000000000000000e+00 0.000000000000000000e+00 0.000000000000000000e+00 0.000000000000000000e+00 0.000000000000000000e+00
0.000000000000000000e+00 9.999999999999999547e-07 1.999999999999999909e-06 0.000000000000000000e+00 0.000000000000000000e+00 0.000000000000000000e+00 0.000000000000000000e+00 9.000000000000000228e-06 4.000000000000000327e-05 8.299999999999999815e-05 1.369999999999999961e-04 2.000000000000000096e-04 2.669999999999999847e-04 3.780000000000000265e-04 5.010000000000000347e-04 3.180999999999999800e-03
9.371000000000000857e-03 1.543500000000000080e-02 2.213199999999999890e-02 3.488499999999999934e-02 5.931399999999999867e-02 9.799599999999999977e-02 1.462080000000000046e-01 2.018830000000000069e-01 2.667260000000000186e-01 3.426060000000000216e-01 4.304629999999999845e-01 5.260359999999999481e-01 6.232529999999999459e-01 7.160440000000000138e-01 7.983379999999999921e-01 8.643999999999999462e-01
9.479260000000000463e-01 9.852899999999999991e-01 9.983710000000000084e-01 1.000000000000000000e+00 9.979479999999999462e-01 9.973290000000000211e-01 9.981790000000000385e-01 9.990670000000000384e-01 9.993929999999999758e-01 9.996699999999999475e-01 1.000000000000000000e+00 1.000000000000000000e+00 9.886430000000000495e-01 9.388309999999999711e-01 8.121690000000000298e-01 5.687569999999999570e-01
2.666000000000000036e-01 1.820000000000000090e-02 0.000000000000000000e+00 0.000000000000000000e+00 0.000000000000000000e+00 0.000000000000000000e+00 0.000000000000000000e+00 0.000000000000000000e+00 0.000000000000000000e+00 0.000000000000000000e+00 0.000000000000000000e+00 0.000000000000000000e+00 0.000000000000000000e+00 9.999999999999999547e-07 1.999999999999999909e-06 0.000000000000000000e+00
0.000000000000000000e+00 0.000000000000000000e+00 0.000000000000000000e+00 7.999999999999999638e-06 3.100000000000000135e-05 4.699999999999999724e-05 4.199999999999999768e-05 0.000000000000000000e+00 0.000000000000000000e+00 1.090000000000000067e-04 1.518999999999999951e-03 5.130000000000000011e-03 1.097799999999999991e-02 1.807900000000000132e-02 2.812800000000000022e-02 4.555599999999999927e-02
7.490600000000000036e-02 1.175729999999999970e-01 1.674450000000000105e-01 2.218680000000000097e-01 2.828080000000000038e-01 3.524340000000000250e-01 4.320829999999999949e-01 5.184569999999999457e-01 6.066489999999999938e-01 6.917459999999999720e-01 7.688380000000000214e-01 8.332629999999999759e-01 9.224170000000000424e-01 9.694249999999999812e-01 9.873690000000000522e-01 9.886319999999999553e-01
9.851450000000000484e-01 9.859919999999999796e-01 9.898130000000000539e-01 9.928909999999999680e-01 9.933840000000000447e-01 9.919580000000000064e-01 9.873499999999999499e-01 9.646780000000000355e-01 9.057640000000000136e-01 8.065510000000000179e-01 6.792359999999999509e-01 5.367229999999999501e-01 3.933499999999999774e-01 2.524500000000000077e-01 1.115499999999999964e-01 0.000000000000000000e+00
0.000000000000000000e+00 0.000000000000000000e+00 0.000000000000000000e+00 0.000000000000000000e+00 0.000000000000000000e+00 0.000000000000000000e+00 0.000000000000000000e+00 0.000000000000000000e+00 0.000000000000000000e+00 0.000000000000000000e+00 0.000000000000000000e+00 0.000000000000000000e+00 6.000000000000000152e-06 1.099999999999999971e-05 7.999999999999999638e-06 0.000000000000000000e+00
0.000000000000000000e+00 0.000000000000000000e+00 0.000000000000000000e+00 0.000000000000000000e+00 1.259999999999999998e-04 9.340000000000000429e-04 3.102000000000000157e-03 7.461999999999999883e-03 1.441699999999999926e-02 2.380699999999999830e-02 3.688000000000000306e-02 5.633099999999999913e-02 8.491200000000000137e-02 1.241040000000000060e-01 1.723250000000000060e-01 2.285629999999999884e-01
2.928470000000000240e-01 3.652509999999999923e-01 4.453529999999999989e-01 5.299650000000000194e-01 6.149369999999999559e-01 6.961180000000000145e-01 7.693560000000000398e-01 8.307149999999999812e-01 9.166170000000000151e-01 9.631739999999999746e-01 9.822140000000000315e-01 9.851600000000000357e-01 9.831769999999999676e-01 9.847519999999999607e-01 9.885410000000000030e-01 9.909740000000000215e-01
9.900590000000000224e-01 9.859109999999999818e-01 9.737789999999999502e-01 9.308079999999999687e-01 8.458179999999999588e-01 7.140739999999999865e-01 5.418509999999999716e-01 3.359070000000000111e-01 1.198499999999999982e-01 0.000000000000000000e+00 0.000000000000000000e+00 0.000000000000000000e+00 0.000000000000000000e+00 0.000000000000000000e+00 0.000000000000000000e+00 0.000000000000000000e+00
0.000000000000000000e+00 0.000000000000000000e+00 0.000000000000000000e+00 9.999999999999999547e-07 0.000000000000000000e+00 0.000000000000000000e+00 0.000000000000000000e+00 0.000000000000000000e+00 2.400000000000000061e-05 4.199999999999999768e-05 3.000000000000000076e-05 0.000000000000000000e+00 0.000000000000000000e+00 0.000000000000000000e+00 0.000000000000000000e+00 2.000000000000000096e-04
7.810000000000000102e-04 2.635000000000000189e-03 5.128999999999999879e-03 9.598999999999999894e-03 1.709400000000000155e-02 2.648700000000000013e-02 3.886900000000000077e-02 5.767200000000000104e-02 8.643299999999999594e-02 1.277379999999999904e-01 1.818049999999999944e-01 2.473760000000000125e-01 3.220680000000000209e-01 4.034499999999999753e-01 4.889769999999999950e-01 5.754650000000000043e-01
6.595069999999999544e-01 7.376970000000000471e-01 8.066269999999999829e-01 8.630900000000000238e-01 9.392610000000000126e-01 9.783269999999999467e-01 9.944070000000000409e-01 9.978489999999999860e-01 9.965709999999999846e-01 9.965199999999999614e-01 9.965429999999999566e-01 9.938989999999999769e-01 9.876719999999999944e-01 9.793920000000000403e-01 9.657329999999999526e-01 9.298530000000000406e-01
8.553509999999999724e-01 7.342290000000000205e-01 5.762869999999999937e-01 3.920950000000000268e-01 2.020230000000000081e-01 1.915299999999999989e-02 0.000000000000000000e+00 0.000000000000000000e+00 0.000000000000000000e+00 0.000000000000000000e+00 0.000000000000000000e+00 0.000000000000000000e+00 0.000000000000000000e+00 0.000000000000000000e+00 0.000000000000000000e+00 9.999999999999999547e-07
0.000000000000000000e+00 0.000000000000000000e+00 0.000000000000000000e+00 0.000000000000000000e+00 2.000000000000000164e-05 3.699999999999999811e-05 2.599999999999999840e-05 0.000000000000000000e+00 0.000000000000000000e+00 0.000000000000000000e+00 0.000000000000000000e+00 0.000000000000000000e+00 3.490000000000000263e-04 1.252999999999999991e-03 1.938000000000000052e-03 6.171000000000000270e-03
1.644899999999999834e-02 2.889399999999999955e-02 4.382099999999999884e-02 6.611799999999999622e-02 1.008649999999999963e-01 1.503289999999999904e-01 2.099870000000000070e-01 2.765819999999999945e-01 3.491650000000000031e-01 4.268839999999999857e-01 5.085899999999999865e-01 5.914570000000000105e-01 6.720779999999999532e-01 7.470449999999999591e-01 8.129499999999999504e-01 8.665850000000000497e-01
9.377229999999999732e-01 9.726759999999999851e-01 9.856519999999999726e-01 9.869050000000000322e-01 9.841370000000000395e-01 9.831839999999999469e-01 9.831750000000000211e-01 9.817350000000000243e-01 9.780999999999999694e-01 9.736569999999999947e-01 9.674340000000000162e-01 9.405729999999999924e-01 8.568850000000000078e-01 7.081910000000000149e-01 5.201710000000000500e-01 3.199770000000000114e-01
1.254000000000000115e-01 0.000000000000000000e+00 0.000000000000000000e+00 0.000000000000000000e+00 0.000000000000000000e+00 0.000000000000000000e+00 0.000000000000000000e+00 0.000000000000000000e+00 0.000000000000000000e+00 0.000000000000000000e+00 0.000000000000000000e+00 9.999999999999999547e-07 0.000000000000000000e+00 0.000000000000000000e+00 0.000000000000000000e+00 0.000000000000000000e+00
2.699999999999999899e-05 4.800000000000000122e-05 3.399999999999999973e-05 0.000000000000000000e+00 0.000000000000000000e+00 0.000000000000000000e+00 0.000000000000000000e+00 0.000000000000000000e+00 4.620000000000000083e-04 1.848999999999999949e-03 3.399999999999999811e-03 7.283999999999999676e-03 1.486499999999999974e-02 2.361999999999999864e-02 3.582699999999999774e-02 5.879899999999999710e-02
1.000500000000000000e-01 1.606660000000000033e-01 2.264049999999999951e-01 2.904979999999999785e-01 3.560240000000000071e-01 4.264879999999999782e-01 5.044429999999999747e-01 5.871170000000000000e-01 6.698830000000000062e-01 7.481130000000000280e-01 8.171789999999999887e-01 8.727190000000000225e-01 9.438379999999999548e-01 9.772070000000000478e-01 9.909970000000000168e-01 9.954290000000000083e-01
9.955910000000000037e-01 9.953459999999999530e-01 9.943459999999999521e-01 9.912999999999999590e-01 9.858729999999999993e-01 9.790159999999999973e-01 9.673610000000000264e-01 9.321800000000000086e-01 8.526120000000000365e-01 7.247660000000000213e-01 5.695339999999999847e-01 4.088879999999999737e-01 2.544500000000000095e-01 9.654999999999999694e-02 0.000000000000000000e+00 0.000000000000000000e+00
0.000000000000000000e+00 0.000000000000000000e+00 0.000000000000000000e+00 0.000000000000000000e+00 0.000000000000000000e+00 0.000000000000000000e+00 0.000000000000000000e+00 0.000000000000000000e+00 0.000000000000000000e+00 0.000000000000000000e+00 0.000000000000000000e+00 0.000000000000000000e+00 9.999999999999999547e-07 1.999999999999999909e-06 9.999999999999999547e-07 0.000000000000000000e+00
0.000000000000000000e+00 2.300000000000000002e-05 8.399999999999999535e-05 2.000000000000000096e-04 3.919999999999999873e-04 1.152999999999999945e-03 2.745000000000000044e-03 7.030999999999999923e-03 1.569299999999999862e-02 2.857499999999999971e-02 4.714100000000000235e-02 7.458599999999999952e-02 1.141749999999999987e-01 1.667599999999999916e-01 2.273999999999999910e-01 2.930059999999999887e-01
3.632319999999999993e-01 4.378480000000000150e-01 5.162820000000000187e-01 5.960360000000000102e-01 6.739410000000000123e-01 7.468289999999999651e-01 8.115299999999999736e-01 8.650529999999999609e-01 9.385649999999999826e-01 9.769750000000000378e-01 9.918400000000000549e-01 9.932929999999999815e-01 9.905490000000000128e-01 9.905110000000000303e-01 9.916359999999999619e-01 9.904779999999999696e-01
9.854349999999999499e-01 9.773680000000000145e-01 9.611650000000000471e-01 9.168060000000000098e-01 8.364230000000000276e-01 7.149480000000000279e-01 5.588779999999999859e-01 3.752130000000000187e-01 1.838249999999999884e-01 1.034999999999999896e-03 0.000000000000000000e+00 0.000000000000000000e+00 0.000000000000000000e+00 0.000000000000000000e+00 0.000000000000000000e+00 0.000000000000000000e+00
0.000000000000000000e+00 0.000000000000000000e+00 0.000000000000000000e+00 0.000000000000000000e+00 0.000000000000000000e+00 9.999999999999999547e-07 9.999999999999999547e-07 0.000000000000000000e+00 0.000000000000000000e+00 0.000000000000000000e+00 0.000000000000000000e+00 3.999999999999999819e-06 2.099999999999999884e-05 5.500000000000000196e-05 1.129999999999999955e-04 2.000000000000000096e-04
3.519999999999999908e-04 1.474999999999999966e-03 4.820999999999999765e-03 1.066699999999999940e-02 1.908899999999999833e-02 3.124299999999999994e-02 4.973500000000000143e-02 7.856000000000000483e-02 1.217619999999999952e-01 1.795209999999999861e-01 2.427980000000000138e-01 3.071530000000000094e-01 3.741700000000000026e-01 4.456939999999999791e-01 5.228920000000000234e-01 6.031269999999999687e-01
6.824409999999999643e-01 7.568749999999999645e-01 8.224679999999999769e-01 8.754910000000000192e-01 9.444550000000000445e-01 9.775150000000000228e-01 9.905880000000000241e-01 9.935899999999999732e-01 9.925699999999999523e-01 9.921349999999999891e-01 9.918230000000000102e-01 9.900170000000000359e-01 9.854720000000000146e-01 9.774380000000000290e-01 9.573760000000000048e-01 8.986979999999999968e-01
8.030169999999999808e-01 6.697419999999999485e-01 5.040200000000000236e-01 3.112460000000000226e-01 1.103500000000000036e-01 0.000000000000000000e+00 0.000000000000000000e+00 0.000000000000000000e+00 0.000000000000000000e+00 0.000000000000000000e+00 0.000000000000000000e+00 0.000000000000000000e+00 0.000000000000000000e+00 0.000000000000000000e+00 0.000000000000000000e+00 0.000000000000000000e+00
0.000000000000000000e+00 1.999999999999999909e-06 3.000000000000000076e-06 0.000000000000000000e+00 0.000000000000000000e+00 0.000000000000000000e+00 0.000000000000000000e+00 1.299999999999999920e-05 5.300000000000000078e-05 1.039999999999999936e-04 1.559999999999999972e-04 2.000000000000000096e-04 2.500000000000000052e-04 8.189999999999999581e-04 2.962999999999999922e-03 9.480999999999999844e-03
2.122699999999999934e-02 3.500700000000000339e-02 5.222899999999999765e-02 7.913900000000000101e-02 1.221809999999999979e-01 1.834699999999999942e-01 2.546860000000000235e-01 3.300960000000000005e-01 4.081460000000000088e-01 4.874669999999999837e-01 5.665940000000000420e-01 6.435440000000000049e-01 7.161509999999999820e-01 7.822500000000000009e-01 8.396759999999999780e-01 8.864039999999999697e-01
9.492639999999999967e-01 9.815169999999999728e-01 9.951710000000000278e-01 9.983189999999999564e-01 9.965330000000000021e-01 9.943079999999999696e-01 9.923450000000000326e-01 9.904579999999999496e-01 9.879449999999999621e-01 9.834159999999999568e-01 9.698449999999999571e-01 9.204369999999999497e-01 8.251359999999999806e-01 6.878640000000000310e-01 5.308969999999999523e-01 3.773130000000000095e-01
2.336499999999999966e-01 8.294999999999999596e-02 0.000000000000000000e+00 0.000000000000000000e+00 0.000000000000000000e+00 0.000000000000000000e+00 0.000000000000000000e+00 0.000000000000000000e+00 0.000000000000000000e+00 0.000000000000000000e+00 0.000000000000000000e+00 9.999999999999999547e-07 0.000000000000000000e+00 0.000000000000000000e+00 0.000000000000000000e+00 0.000000000000000000e+00
2.599999999999999840e-05 4.600000000000000004e-05 3.300000000000000253e-05 0.000000000000000000e+00 0.000000000000000000e+00 0.000000000000000000e+00 0.000000000000000000e+00 2.000000000000000096e-04 8.120000000000000048e-04 2.611000000000000040e-03 4.695000000000000388e-03 1.035799999999999915e-02 2.188599999999999920e-02 3.607400000000000190e-02 5.438699999999999785e-02 8.327800000000000480e-02
1.294039999999999913e-01 1.941740000000000133e-01 2.664199999999999902e-01 3.396000000000000130e-01 4.137359999999999927e-01 4.891320000000000112e-01 5.657520000000000326e-01 6.416479999999999961e-01 7.142060000000000075e-01 7.808110000000000328e-01 8.388489999999999558e-01 8.858679999999999888e-01 9.481180000000000163e-01 9.789799999999999613e-01 9.914150000000000462e-01 9.940590000000000259e-01
9.927620000000000333e-01 9.920130000000000337e-01 9.914640000000000120e-01 9.896660000000000457e-01 9.857310000000000239e-01 9.795190000000000285e-01 9.653389999999999471e-01 9.193179999999999685e-01 8.285280000000000422e-01 6.984740000000000393e-01 5.597010000000000041e-01 4.438469999999999915e-01 3.484499999999999820e-01 2.365500000000000103e-01 1.246499999999999969e-01 1.274999999999999918e-02
0.000000000000000000e+00 0.000000000000000000e+00 0.000000000000000000e+00 0.000000000000000000e+00 0.000000000000000000e+00 0.000000000000000000e+00 0.000000000000000000e+00 9.999999999999999547e-07 0.000000000000000000e+00 0.000000000000000000e+00 0.000000000000000000e+00 0.000000000000000000e+00 1.500000000000000038e-05 2.599999999999999840e-05 1.900000000000000105e-05 0.000000000000000000e+00
0.000000000000000000e+00 0.000000000000000000e+00 0.000000000000000000e+00 2.000000000000000096e-04 6.470000000000000057e-04 2.631999999999999791e-03 6.832000000000000399e-03 1.398100000000000037e-02 2.461599999999999899e-02 3.935099999999999709e-02 6.120300000000000046e-02 9.559700000000000142e-02 1.480470000000000119e-01 2.191390000000000005e-01 2.976530000000000009e-01 3.766729999999999801e-01
4.554059999999999775e-01 5.333240000000000203e-01 6.097289999999999655e-01 6.829720000000000235e-01 7.510719999999999619e-01 8.120460000000000456e-01 8.639139999999999597e-01 9.048399999999999777e-01 9.563800000000000079e-01 9.796139999999999848e-01 9.886350000000000415e-01 9.910689999999999777e-01 9.903680000000000261e-01 9.890949999999999465e-01 9.867979999999999530e-01 9.823549999999999782e-01
9.755430000000000490e-01 9.673420000000000352e-01 9.540380000000000527e-01 9.222399999999999487e-01 8.628559999999999564e-01 7.669010000000000549e-01 6.344239999999999879e-01 4.658689999999999776e-01 2.839499999999999802e-01 1.154499999999999971e-01 0.000000000000000000e+00 0.000000000000000000e+00 0.000000000000000000e+00 0.000000000000000000e+00 0.000000000000000000e+00 0.000000000000000000e+00
0.000000000000000000e+00 0.000000000000000000e+00 0.000000000000000000e+00 0.000000000000000000e+00 0.000000000000000000e+00 7.999999999999999638e-06 1.299999999999999920e-05 0.000000000000000000e+00 0.000000000000000000e+00 0.000000000000000000e+00 0.000000000000000000e+00 5.700000000000000314e-05 2.269999999999999882e-04 3.919999999999999873e-04 4.749999999999999990e-04 4.000000000000000192e-04
1.810000000000000085e-04 9.129999999999999661e-04 6.165000000000000341e-03 1.583800000000000138e-02 2.798199999999999993e-02 4.282600000000000295e-02 6.401300000000000046e-02 9.848099999999999909e-02 1.532890000000000086e-01 2.285449999999999982e-01 3.077650000000000108e-01 3.823590000000000044e-01 4.541950000000000154e-01 5.255929999999999769e-01 5.982739999999999725e-01 6.706010000000000026e-01
7.397660000000000347e-01 8.029629999999999823e-01 8.573849999999999527e-01 9.004079999999999862e-01 9.542969999999999509e-01 9.787649999999999961e-01 9.894220000000000237e-01 9.938789999999999569e-01 9.945899999999999741e-01 9.934070000000000400e-01 9.902779999999999916e-01 9.847200000000000397e-01 9.763830000000000009e-01 9.650990000000000402e-01 9.423080000000000345e-01 8.873269999999999769e-01
8.091610000000000191e-01 7.117560000000000553e-01 6.052809999999999580e-01 5.001759999999999540e-01 3.995000000000000218e-01 2.957000000000000184e-01 1.918999999999999873e-01 8.809999999999999776e-02 0.000000000000000000e+00 0.000000000000000000e+00 0.000000000000000000e+00 0.000000000000000000e+00 0.000000000000000000e+00 0.000000000000000000e+00 0.000000000000000000e+00 9.999999999999999547e-07
0.000000000000000000e+00 0.000000000000000000e+00 0.000000000000000000e+00 0.000000000000000000e+00 2.900000000000000017e-05 5.199999999999999680e-05 3.600000000000000091e-05 0.000000000000000000e+00 0.000000000000000000e+00 0.000000000000000000e+00 0.000000000000000000e+00 2.000000000000000096e-04 8.779999999999999827e-04 3.201999999999999985e-03 6.896000000000000220e-03 1.710300000000000015e-02
3.596900000000000097e-02 5.657299999999999829e-02 8.028799999999999826e-02 1.173219999999999957e-01 1.782410000000000105e-01 2.645830000000000126e-01 3.562750000000000083e-01 4.417389999999999928e-01 5.212210000000000454e-01 5.954800000000000093e-01 6.650669999999999638e-01 7.293699999999999628e-01 7.873719999999999608e-01 8.380549999999999944e-01 8.804020000000000179e-01 9.134910000000000529e-01
9.547330000000000538e-01 9.727010000000000378e-01 9.789390000000000036e-01 9.791879999999999473e-01 9.754450000000000065e-01 9.689640000000000475e-01 9.585019999999999651e-01 9.422829999999999817e-01 9.203050000000000397e-01 8.949470000000000480e-01 8.548249999999999460e-01 7.751789999999999514e-01 6.604529999999999568e-01 5.105950000000000211e-01 3.477330000000000143e-01 1.949589999999999934e-01
5.462600000000000094e-02 0.000000000000000000e+00 0.000000000000000000e+00 0.000000000000000000e+00 0.000000000000000000e+00 0.000000000000000000e+00 0.000000000000000000e+00 0.000000000000000000e+00 0.000000000000000000e+00 0.000000000000000000e+00 0.000000000000000000e+00 0.000000000000000000e+00 0.000000000000000000e+00 0.000000000000000000e+00 0.000000000000000000e+00 0.000000000000000000e+00
9.999999999999999547e-07 1.999999999999999909e-06 1.999999999999999909e-06 0.000000000000000000e+00 4.800000000000000122e-05 2.550000000000000183e-04 7.349999999999999763e-04 1.600999999999999993e-03 2.933999999999999976e-03 6.806000000000000417e-03 1.213799999999999948e-02 2.608200000000000102e-02 5.378200000000000341e-02 8.974999999999999645e-02 1.342299999999999882e-01 1.938259999999999983e-01
2.753940000000000277e-01 3.775519999999999987e-01 4.792669999999999986e-01 5.689009999999999900e-01 6.472489999999999633e-01 7.156460000000000043e-01 7.752980000000000427e-01 8.266999999999999904e-01 8.700949999999999518e-01 9.057279999999999776e-01 9.338440000000000074e-01 9.547259999999999636e-01 9.786580000000000279e-01 9.874420000000000419e-01 9.909280000000000310e-01 9.926669999999999661e-01
9.921499999999999764e-01 9.884920000000000373e-01 9.796839999999999993e-01 9.634749999999999703e-01 9.383500000000000174e-01 9.037749999999999950e-01 8.338170000000000304e-01 6.789009999999999767e-01 4.964029999999999831e-01 3.123199999999999865e-01 1.552060000000000106e-01 5.372600000000000292e-02 0.000000000000000000e+00 0.000000000000000000e+00 0.000000000000000000e+00 0.000000000000000000e+00
