0.000000000000000000e+00 0.000000000000000000e+00 0.000000000000000000e+00 9.000000000000000567e-05 0.000000000000000000e+00 0.000000000000000000e+00 0.000000000000000000e+00 1.464999999999999939e-03 3.799999999999999992e-03 6.993000000000000084e-03 1.326600000000000001e-02 2.539999999999999897e-02 4.649400000000000061e-02 8.091700000000000281e-02 1.333560000000000023e-01 2.082459999999999867e-01
3.022869999999999724e-01 4.032470000000000221e-01 4.983949999999999769e-01 5.749999999999999556e-01 6.228430000000000355e-01 6.340949999999999642e-01 5.496469999999999967e-01 4.168740000000000223e-01 2.853370000000000073e-01 1.752779999999999894e-01 9.513800000000000034e-02 4.322800000000000253e-02 1.741099999999999939e-02 1.202399999999999997e-02 1.310200000000000080e-02 1.307700000000000008e-02
1.208099999999999972e-02 1.057800000000000060e-02 8.982999999999999666e-03 7.425000000000000176e-03 5.930999999999999640e-03 4.531999999999999570e-03 3.256999999999999913e-03 2.131000000000000082e-03 3.179999999999999776e-04 0.000000000000000000e+00 0.000000000000000000e+00 0.000000000000000000e+00 0.000000000000000000e+00 0.000000000000000000e+00 0.000000000000000000e+00 0.000000000000000000e+00
0.000000000000000000e+00 0.000000000000000000e+00 0.000000000000000000e+00 0.000000000000000000e+00 0.000000000000000000e+00 0.000000000000000000e+00 0.000000000000000000e+00 0.000000000000000000e+00 0.000000000000000000e+00 0.000000000000000000e+00 0.000000000000000000e+00 0.000000000000000000e+00 0.000000000000000000e+00 0.000000000000000000e+00 0.000000000000000000e+00 9.000000000000000567e-05
0.000000000000000000e+00 0.000000000000000000e+00 0.000000000000000000e+00 1.464999999999999939e-03 3.799999999999999992e-03 6.993000000000000084e-03 1.326600000000000001e-02 2.539999999999999897e-02 4.649400000000000061e-02 8.091700000000000281e-02 1.333560000000000023e-01 2.082459999999999867e-01 3.022869999999999724e-01 4.032470000000000221e-01 4.983949999999999769e-01 5.749999999999999556e-01
6.228430000000000355e-01 6.340949999999999642e-01 5.496469999999999967e-01 4.168740000000000223e-01 2.853370000000000073e-01 1.752779999999999894e-01 9.513800000000000034e-02 4.322800000000000253e-02 1.741099999999999939e-02 1.202399999999999997e-02 1.310200000000000080e-02 1.307700000000000008e-02 1.208099999999999972e-02 1.057800000000000060e-02 8.982999999999999666e-03 7.425000000000000176e-03
5.930999999999999640e-03 4.531999999999999570e-03 3.256999999999999913e-03 2.131000000000000082e-03 3.179999999999999776e-04 0.000000000000000000e+00 0.000000000000000000e+00 0.000000000000000000e+00 0.000000000000000000e+00 0.000000000000000000e+00 0.000000000000000000e+00 0.000000000000000000e+00 0.000000000000000000e+00 0.000000000000000000e+00 0.000000000000000000e+00 0.000000000000000000e+00
0.000000000000000000e+00 0.000000000000000000e+00 0.000000000000000000e+00 0.000000000000000000e+00 0.000000000000000000e+00 0.000000000000000000e+00 0.000000000000000000e+00 0.000000000000000000e+00 0.000000000000000000e+00 0.000000000000000000e+00 0.000000000000000000e+00 5.599999999999999916e-05 0.000000000000000000e+00 0.000000000000000000e+00 0.000000000000000000e+00 9.409999999999999962e-04
2.599999999999999881e-03 5.344999999999999925e-03 1.171699999999999998e-02 2.479999999999999913e-02 4.771199999999999747e-02 8.370099999999999763e-02 1.360449999999999993e-01 2.078220000000000067e-01 2.959550000000000236e-01 3.902530000000000165e-01 4.801309999999999745e-01 5.550000000000000488e-01 6.060459999999999736e-01 6.315070000000000405e-01 5.568319999999999936e-01 4.241469999999999962e-01
2.891630000000000034e-01 1.771409999999999929e-01 9.784099999999999742e-02 4.728199999999999764e-02 2.087800000000000072e-02 1.215800000000000040e-02 1.025599999999999949e-02 9.152999999999999678e-03 8.373000000000000234e-03 7.681999999999999593e-03 6.878999999999999698e-03 5.958999999999999887e-03 4.983999999999999715e-03 4.015999999999999605e-03 3.116999999999999979e-03 2.347000000000000128e-03
1.224000000000000045e-03 5.490000000000000088e-04 1.900000000000000105e-04 3.899999999999999929e-05 0.000000000000000000e+00 0.000000000000000000e+00 0.000000000000000000e+00 9.999999999999999547e-07 1.999999999999999909e-06 0.000000000000000000e+00 0.000000000000000000e+00 0.000000000000000000e+00 0.000000000000000000e+00 0.000000000000000000e+00 0.000000000000000000e+00 0.000000000000000000e+00
0.000000000000000000e+00 0.000000000000000000e+00 0.000000000000000000e+00 0.000000000000000000e+00 0.000000000000000000e+00 0.000000000000000000e+00 0.000000000000000000e+00 2.199999999999999943e-05 0.000000000000000000e+00 0.000000000000000000e+00 0.000000000000000000e+00 4.159999999999999744e-04 1.399999999999999986e-03 3.697000000000000199e-03 1.016700000000000069e-02 2.419999999999999929e-02
4.893100000000000227e-02 8.648500000000000631e-02 1.387339999999999962e-01 2.073990000000000000e-01 2.896230000000000193e-01 3.772590000000000110e-01 4.618659999999999988e-01 5.350000000000000311e-01 5.892479999999999940e-01 6.289190000000000058e-01 5.640159999999999618e-01 4.314200000000000257e-01 2.929889999999999994e-01 1.790039999999999965e-01 1.005439999999999945e-01 5.133499999999999869e-02
2.434599999999999959e-02 1.229200000000000084e-02 7.409999999999999920e-03 5.228000000000000008e-03 4.664999999999999876e-03 4.785000000000000191e-03 4.773999999999999598e-03 4.492999999999999598e-03 4.035999999999999657e-03 3.500000000000000073e-03 2.978000000000000178e-03 2.563000000000000174e-03 2.129999999999999949e-03 2.126999999999999984e-03 2.423999999999999939e-03 2.805000000000000202e-03
3.000000000000000062e-03 2.817000000000000060e-03 2.351999999999999924e-03 1.770000000000000089e-03 1.196000000000000014e-03 7.029999999999999574e-04 2.290000000000000098e-04 0.000000000000000000e+00 6.999999999999999895e-06 5.000000000000000409e-06 0.000000000000000000e+00 0.000000000000000000e+00 0.000000000000000000e+00 0.000000000000000000e+00 0.000000000000000000e+00 0.000000000000000000e+00
0.000000000000000000e+00 5.000000000000000409e-06 0.000000000000000000e+00 0.000000000000000000e+00 0.000000000000000000e+00 1.399999999999999979e-05 0.000000000000000000e+00 1.219999999999999974e-04 1.399999999999999986e-03 5.307000000000000085e-03 1.428100000000000029e-02 3.099999999999999978e-02 5.803799999999999931e-02 9.754400000000000570e-02 1.515650000000000053e-01 2.219760000000000066e-01
3.055579999999999963e-01 3.932010000000000227e-01 4.754639999999999977e-01 5.429089999999999749e-01 5.878400000000000292e-01 6.090539999999999843e-01 5.462069999999999981e-01 4.219249999999999945e-01 2.774900000000000144e-01 1.593350000000000044e-01 8.516100000000000059e-02 4.361000000000000293e-02 2.206999999999999934e-02 1.042200000000000071e-02 4.700000000000000185e-03 2.645000000000000216e-03
2.792999999999999910e-03 3.712000000000000022e-03 4.166000000000000432e-03 3.998999999999999951e-03 3.435999999999999818e-03 2.697000000000000178e-03 2.007000000000000103e-03 1.575999999999999927e-03 1.492000000000000054e-03 1.768999999999999956e-03 1.660000000000000017e-03 1.260000000000000052e-03 1.209000000000000005e-03 1.892999999999999934e-03 2.740999999999999947e-03 2.972999999999999948e-03
2.363000000000000083e-03 1.420999999999999954e-03 4.110000000000000155e-04 0.000000000000000000e+00 2.900000000000000017e-05 2.099999999999999884e-05 0.000000000000000000e+00 0.000000000000000000e+00 0.000000000000000000e+00 0.000000000000000000e+00 0.000000000000000000e+00 0.000000000000000000e+00 0.000000000000000000e+00 1.800000000000000046e-05 0.000000000000000000e+00 0.000000000000000000e+00
0.000000000000000000e+00 5.500000000000000196e-05 0.000000000000000000e+00 0.000000000000000000e+00 1.399999999999999986e-03 6.153999999999999748e-03 1.664200000000000054e-02 3.540000000000000091e-02 6.471499999999999475e-02 1.058619999999999978e-01 1.598660000000000081e-01 2.276120000000000088e-01 3.057960000000000123e-01 3.862680000000000002e-01 4.606100000000000194e-01 5.203999999999999737e-01
5.589819999999999789e-01 5.758320000000000105e-01 5.261470000000000313e-01 4.173180000000000223e-01 2.750929999999999764e-01 1.563479999999999870e-01 8.411899999999999933e-02 4.575300000000000200e-02 2.705300000000000066e-02 1.674900000000000000e-02 1.079600000000000004e-02 7.302999999999999596e-03 5.455999999999999912e-03 4.486999999999999669e-03 3.722000000000000048e-03 3.003000000000000027e-03
2.351999999999999924e-03 1.789999999999999925e-03 1.340000000000000045e-03 1.020999999999999989e-03 7.140000000000000079e-04 6.260000000000000373e-04 5.109999999999999525e-04 3.339999999999999870e-04 1.979999999999999881e-04 1.720000000000000066e-04 1.969999999999999909e-04 1.869999999999999917e-04 1.119999999999999983e-04 1.900000000000000105e-05 0.000000000000000000e+00 0.000000000000000000e+00
1.699999999999999987e-05 1.200000000000000030e-05 0.000000000000000000e+00 0.000000000000000000e+00 0.000000000000000000e+00 0.000000000000000000e+00 0.000000000000000000e+00 0.000000000000000000e+00 0.000000000000000000e+00 3.999999999999999819e-06 0.000000000000000000e+00 0.000000000000000000e+00 0.000000000000000000e+00 3.800000000000000209e-05 2.000000000000000096e-04 7.770000000000000214e-04
2.799999999999999972e-03 7.910999999999999630e-03 1.945399999999999907e-02 4.120000000000000051e-02 7.604900000000000548e-02 1.234220000000000039e-01 1.818740000000000079e-01 2.498859999999999970e-01 3.238550000000000040e-01 3.977640000000000065e-01 4.654630000000000156e-01 5.208000000000000407e-01 5.584160000000000235e-01 5.725139999999999674e-01 4.978859999999999952e-01 3.728509999999999880e-01
2.525789999999999980e-01 1.572770000000000001e-01 9.263299999999999312e-02 5.185200000000000226e-02 2.759599999999999900e-02 1.370700000000000043e-02 6.930999999999999661e-03 4.899999999999999842e-03 5.699000000000000073e-03 7.432000000000000238e-03 8.458000000000000240e-03 8.554000000000000839e-03 7.993000000000000105e-03 7.045000000000000047e-03 5.984999999999999869e-03 5.069999999999999854e-03
3.877999999999999937e-03 3.190999999999999826e-03 2.605999999999999810e-03 1.990000000000000015e-03 1.384000000000000031e-03 8.319999999999999488e-04 3.899999999999999929e-04 1.160000000000000007e-04 1.000000000000000082e-05 0.000000000000000000e+00 6.999999999999999895e-06 3.999999999999999819e-06 0.000000000000000000e+00 0.000000000000000000e+00 9.999999999999999547e-07 1.999999999999999909e-06
0.000000000000000000e+00 0.000000000000000000e+00 0.000000000000000000e+00 0.000000000000000000e+00 0.000000000000000000e+00 6.000000000000000152e-06 0.000000000000000000e+00 0.000000000000000000e+00 0.000000000000000000e+00 1.900000000000000105e-05 0.000000000000000000e+00 1.559999999999999972e-04 1.799999999999999951e-03 6.743999999999999995e-03 1.769899999999999946e-02 3.760000000000000148e-02
6.897300000000000653e-02 1.127080000000000026e-01 1.692839999999999900e-01 2.390450000000000075e-01 3.181629999999999736e-01 3.979900000000000104e-01 4.696100000000000274e-01 5.241050000000000431e-01 5.547220000000000484e-01 5.540650000000000297e-01 4.970740000000000158e-01 3.962789999999999924e-01 2.693969999999999976e-01 1.610830000000000040e-01 9.016200000000000603e-02 4.801699999999999718e-02
2.484199999999999950e-02 1.240100000000000056e-02 6.361000000000000335e-03 4.094999999999999682e-03 4.100000000000000346e-03 4.923000000000000292e-03 5.304999999999999820e-03 5.078000000000000048e-03 4.452000000000000228e-03 3.641000000000000139e-03 2.854000000000000200e-03 2.292999999999999899e-03 1.879000000000000028e-03 1.845999999999999985e-03 1.554999999999999959e-03 9.600000000000000243e-04
3.869999999999999742e-04 8.899999999999999491e-05 3.999999999999999819e-06 0.000000000000000000e+00 0.000000000000000000e+00 0.000000000000000000e+00 0.000000000000000000e+00 0.000000000000000000e+00 0.000000000000000000e+00 0.000000000000000000e+00 0.000000000000000000e+00 0.000000000000000000e+00 0.000000000000000000e+00 0.000000000000000000e+00 0.000000000000000000e+00 0.000000000000000000e+00
0.000000000000000000e+00 0.000000000000000000e+00 0.000000000000000000e+00 2.900000000000000017e-05 0.000000000000000000e+00 0.000000000000000000e+00 0.000000000000000000e+00 6.229999999999999644e-04 2.399999999999999790e-03 6.543000000000000205e-03 1.638799999999999979e-02 3.579999999999999849e-02 6.784800000000000553e-02 1.124109999999999970e-01 1.685689999999999966e-01 2.353169999999999984e-01
3.089970000000000216e-01 3.828840000000000021e-01 4.500839999999999841e-01 5.037009999999999543e-01 5.381559999999999677e-01 5.496109999999999607e-01 4.917070000000000052e-01 3.871479999999999921e-01 2.698740000000000028e-01 1.702140000000000042e-01 1.005370000000000014e-01 5.544600000000000223e-02 2.877199999999999896e-02 1.461999999999999932e-02 7.837000000000000216e-03 5.105000000000000163e-03
4.838000000000000286e-03 5.530000000000000193e-03 5.865999999999999687e-03 5.638999999999999915e-03 5.022000000000000422e-03 4.189000000000000015e-03 3.314000000000000105e-03 2.563999999999999873e-03 1.577000000000000060e-03 1.090999999999999956e-03 8.829999999999999958e-04 8.140000000000000534e-04 8.000000000000000383e-04 7.780000000000000457e-04 7.749999999999999728e-04 8.319999999999999488e-04
9.359999999999999831e-04 1.000999999999999937e-03 8.670000000000000406e-04 2.669999999999999847e-04 0.000000000000000000e+00 0.000000000000000000e+00 9.699999999999999963e-05 1.350000000000000017e-04 0.000000000000000000e+00 0.000000000000000000e+00 0.000000000000000000e+00 0.000000000000000000e+00 0.000000000000000000e+00 1.999999999999999909e-06 0.000000000000000000e+00 0.000000000000000000e+00
0.000000000000000000e+00 5.000000000000000409e-06 0.000000000000000000e+00 3.550000000000000096e-04 3.000000000000000062e-03 1.021200000000000059e-02 2.411699999999999955e-02 4.680000000000000132e-02 7.990600000000000480e-02 1.233149999999999941e-01 1.764670000000000127e-01 2.387259999999999938e-01 3.071369999999999933e-01 3.760729999999999906e-01 4.397530000000000050e-01 4.924000000000000044e-01
5.290859999999999452e-01 5.493529999999999802e-01 4.955860000000000265e-01 3.912950000000000039e-01 2.763050000000000228e-01 1.774870000000000059e-01 1.060790000000000066e-01 5.843799999999999689e-02 3.027499999999999983e-02 1.642400000000000110e-02 9.721000000000000474e-03 5.928000000000000110e-03 4.056999999999999842e-03 3.259000000000000178e-03 2.785000000000000149e-03 2.432999999999999833e-03
2.190999999999999805e-03 2.050999999999999872e-03 1.998999999999999909e-03 2.024999999999999890e-03 2.167000000000000089e-03 2.122000000000000188e-03 1.559999999999999972e-03 6.740000000000000114e-04 0.000000000000000000e+00 0.000000000000000000e+00 7.600000000000000418e-05 2.339999999999999958e-04 1.789999999999999870e-04 3.399999999999999973e-05 0.000000000000000000e+00 0.000000000000000000e+00
3.000000000000000076e-05 2.099999999999999884e-05 0.000000000000000000e+00 0.000000000000000000e+00 0.000000000000000000e+00 0.000000000000000000e+00 0.000000000000000000e+00 0.000000000000000000e+00 0.000000000000000000e+00 0.000000000000000000e+00 0.000000000000000000e+00 9.999999999999999547e-07 0.000000000000000000e+00 2.199999999999999943e-05 2.000000000000000096e-04 9.340000000000000429e-04
3.599999999999999901e-03 1.002399999999999992e-02 2.286699999999999844e-02 4.499999999999999833e-02 7.875899999999999568e-02 1.243469999999999992e-01 1.814359999999999862e-01 2.495870000000000033e-01 3.250600000000000156e-01 4.002990000000000159e-01 4.675349999999999784e-01 5.190000000000000169e-01 5.485630000000000228e-01 5.453040000000000109e-01 4.733729999999999882e-01 3.674120000000000164e-01
2.623079999999999856e-01 1.728899999999999881e-01 1.052199999999999941e-01 5.773199999999999860e-02 2.852400000000000074e-02 1.418299999999999943e-02 7.731000000000000025e-03 4.727000000000000299e-03 3.821999999999999877e-03 3.801000000000000125e-03 3.611000000000000060e-03 3.086999999999999900e-03 2.377000000000000206e-03 1.628000000000000107e-03 9.879999999999999460e-04 5.940000000000000184e-04
4.979999999999999618e-04 7.550000000000000287e-04 7.280000000000000230e-04 3.660000000000000059e-04 0.000000000000000000e+00 0.000000000000000000e+00 0.000000000000000000e+00 5.800000000000000034e-05 2.100000000000000087e-04 3.629999999999999872e-04 5.739999999999999660e-04 7.940000000000000009e-04 7.190000000000000210e-04 3.879999999999999985e-04 3.699999999999999811e-05 0.000000000000000000e+00
0.000000000000000000e+00 0.000000000000000000e+00 0.000000000000000000e+00 0.000000000000000000e+00 0.000000000000000000e+00 0.000000000000000000e+00 0.000000000000000000e+00 3.899999999999999929e-05 0.000000000000000000e+00 0.000000000000000000e+00 0.000000000000000000e+00 1.033000000000000064e-03 4.800999999999999712e-03 1.343800000000000029e-02 2.920599999999999932e-02 5.439999999999999697e-02
9.074999999999999734e-02 1.377339999999999953e-01 1.942659999999999942e-01 2.591840000000000255e-01 3.289329999999999754e-01 3.971979999999999955e-01 4.575099999999999723e-01 5.033999999999999586e-01 5.297220000000000262e-01 5.255950000000000344e-01 4.565279999999999894e-01 3.555180000000000007e-01 2.563889999999999780e-01 1.704199999999999882e-01 1.028789999999999982e-01 5.432200000000000223e-02
2.509000000000000119e-02 1.272000000000000040e-02 8.073999999999999580e-03 5.628000000000000190e-03 4.506999999999999722e-03 4.041000000000000321e-03 3.638999999999999874e-03 3.181999999999999933e-03 2.713999999999999833e-03 2.275999999999999811e-03 1.912999999999999987e-03 1.663999999999999898e-03 1.464999999999999939e-03 1.427000000000000100e-03 1.283999999999999985e-03 1.023000000000000038e-03
7.950000000000000252e-04 7.039999999999999817e-04 6.599999999999999964e-04 5.339999999999999695e-04 2.979999999999999793e-04 5.000000000000000240e-05 0.000000000000000000e+00 0.000000000000000000e+00 4.399999999999999886e-05 3.100000000000000135e-05 0.000000000000000000e+00 0.000000000000000000e+00 0.000000000000000000e+00 0.000000000000000000e+00 0.000000000000000000e+00 0.000000000000000000e+00
0.000000000000000000e+00 2.799999999999999958e-05 0.000000000000000000e+00 0.000000000000000000e+00 0.000000000000000000e+00 1.100000000000000039e-04 2.000000000000000096e-04 8.120000000000000048e-04 5.199999999999999761e-03 1.669199999999999851e-02 3.619499999999999801e-02 6.401300000000000046e-02 1.004430000000000045e-01 1.457670000000000077e-01 2.002609999999999946e-01 2.640830000000000122e-01
3.337769999999999904e-01 4.017060000000000075e-01 4.600029999999999952e-01 5.008000000000000229e-01 5.183809999999999807e-01 4.976320000000000188e-01 4.349950000000000205e-01 3.474430000000000018e-01 2.454189999999999983e-01 1.566490000000000105e-01 9.355800000000000227e-02 5.220899999999999846e-02 2.795200000000000115e-02 1.578200000000000089e-02 9.922999999999999529e-03 6.910000000000000343e-03
5.714999999999999594e-03 5.418000000000000073e-03 5.211000000000000354e-03 4.892999999999999780e-03 4.480999999999999740e-03 3.989000000000000358e-03 3.431000000000000022e-03 2.824999999999999820e-03 1.618999999999999996e-03 7.479999999999999670e-04 5.599999999999999509e-04 8.819999999999999715e-04 1.203999999999999992e-03 1.147999999999999932e-03 8.270000000000000441e-04 4.699999999999999859e-04
2.049999999999999956e-04 3.100000000000000135e-05 0.000000000000000000e+00 0.000000000000000000e+00 2.599999999999999840e-05 1.900000000000000105e-05 0.000000000000000000e+00 0.000000000000000000e+00 0.000000000000000000e+00 0.000000000000000000e+00 0.000000000000000000e+00 0.000000000000000000e+00 0.000000000000000000e+00 0.000000000000000000e+00 0.000000000000000000e+00 5.399999999999999798e-05
0.000000000000000000e+00 0.000000000000000000e+00 0.000000000000000000e+00 1.123999999999999999e-03 4.199999999999999740e-03 1.085900000000000060e-02 2.493099999999999830e-02 5.079999999999999793e-02 9.138699999999999601e-02 1.437799999999999911e-01 2.036070000000000102e-01 2.665060000000000207e-01 3.283719999999999972e-01 3.854009999999999936e-01 4.338060000000000249e-01 4.697999999999999954e-01
4.903919999999999946e-01 4.869839999999999725e-01 4.312730000000000175e-01 3.426199999999999801e-01 2.465019999999999989e-01 1.627319999999999878e-01 1.001419999999999949e-01 5.690800000000000025e-02 3.073599999999999943e-02 1.795300000000000021e-02 1.163900000000000004e-02 7.719000000000000167e-03 5.462999999999999974e-03 4.289000000000000278e-03 3.667000000000000121e-03 3.371999999999999997e-03
3.284000000000000027e-03 3.282999999999999894e-03 3.249000000000000152e-03 3.067999999999999981e-03 2.275000000000000112e-03 1.289999999999999914e-03 5.509999999999999490e-04 1.589999999999999888e-04 0.000000000000000000e+00 0.000000000000000000e+00 0.000000000000000000e+00 6.999999999999999895e-06 1.000000000000000082e-05 1.999999999999999909e-06 0.000000000000000000e+00 0.000000000000000000e+00
1.999999999999999909e-06 9.999999999999999547e-07 0.000000000000000000e+00 0.000000000000000000e+00 0.000000000000000000e+00 0.000000000000000000e+00 0.000000000000000000e+00 0.000000000000000000e+00 0.000000000000000000e+00 0.000000000000000000e+00 0.000000000000000000e+00 7.999999999999999638e-06 0.000000000000000000e+00 5.000000000000000240e-05 5.999999999999999474e-04 2.442999999999999859e-03
7.400999999999999593e-03 1.771299999999999958e-02 3.623900000000000038e-02 6.600000000000000311e-02 1.088960000000000067e-01 1.623600000000000043e-01 2.227069999999999883e-01 2.862319999999999864e-01 3.485610000000000097e-01 4.045549999999999979e-01 4.490290000000000115e-01 4.768000000000000016e-01 4.842549999999999910e-01 4.504920000000000035e-01 3.796510000000000162e-01 2.940090000000000203e-01
2.073520000000000085e-01 1.357740000000000058e-01 8.531199999999999894e-02 5.177199999999999858e-02 3.051399999999999946e-02 1.740900000000000086e-02 9.613999999999999282e-03 5.250999999999999591e-03 3.220999999999999905e-03 2.454000000000000018e-03 2.011000000000000201e-03 1.652999999999999955e-03 1.389999999999999960e-03 1.231000000000000106e-03 1.185000000000000072e-03 1.258999999999999920e-03
1.610000000000000103e-03 1.835999999999999958e-03 1.508999999999999925e-03 8.279999999999999600e-04 3.970000000000000005e-04 6.199999999999999999e-04 1.149000000000000065e-03 1.472999999999999917e-03 1.410999999999999928e-03 1.229999999999999974e-03 1.255000000000000039e-03 1.832999999999999994e-03 1.897000000000000032e-03 1.106999999999999911e-03 1.489999999999999897e-04 0.000000000000000000e+00
0.000000000000000000e+00 0.000000000000000000e+00 0.000000000000000000e+00 0.000000000000000000e+00 0.000000000000000000e+00 2.300000000000000002e-05 0.000000000000000000e+00 0.000000000000000000e+00 0.000000000000000000e+00 9.500000000000000523e-05 2.000000000000000096e-04 1.118000000000000070e-03 7.200999999999999936e-03 2.306599999999999970e-02 5.083700000000000024e-02 9.201800000000000257e-02
1.468109999999999971e-01 2.101979999999999960e-01 2.758619999999999961e-01 3.375369999999999759e-01 3.905540000000000123e-01 4.320950000000000069e-01 4.594429999999999903e-01 4.698820000000000219e-01 4.618019999999999903e-01 4.024420000000000219e-01 3.116530000000000133e-01 2.213590000000000002e-01 1.496190000000000020e-01 9.724299999999999611e-02 6.197400000000000131e-02 3.944999999999999896e-02
2.521599999999999883e-02 1.568400000000000002e-02 9.390000000000000777e-03 5.446999999999999585e-03 3.220000000000000206e-03 2.086000000000000180e-03 1.484000000000000076e-03 1.193999999999999966e-03 1.116000000000000021e-03 1.150999999999999896e-03 1.198999999999999979e-03 1.165999999999999936e-03 8.480000000000000124e-04 4.760000000000000234e-04 3.660000000000000059e-04 4.899999999999999842e-04
6.009999999999999717e-04 5.180000000000000143e-04 3.200000000000000262e-04 1.399999999999999877e-04 4.500000000000000283e-05 5.000000000000000409e-06 0.000000000000000000e+00 0.000000000000000000e+00 3.999999999999999819e-06 3.000000000000000076e-06 0.000000000000000000e+00 0.000000000000000000e+00 0.000000000000000000e+00 0.000000000000000000e+00 0.000000000000000000e+00 0.000000000000000000e+00
