5.332793569299422852e+12
5.847291873269397461e+12
6.411428045525147461e+12
7.029991058059226562e+12
7.708231914243516602e+12
8.451908224783044922e+12
9.267333084277880859e+12
1.016142866330705078e+13
1.114178497098059375e+13
1.221672428679602734e+13
1.339537180876477539e+13
1.468773311754164453e+13
1.610477911415461719e+13
1.765853915237266016e+13
1.936220315631742188e+13
2.123023359019676953e+13
2.327848823067746094e+13
2.552435478411353125e+13
2.798689849140353906e+13
3.068702397349651953e+13
3.364765269146220703e+13
3.689391752758678906e+13
4.045337613930389062e+13
4.435624489712560938e+13
4.863565539248574219e+13
5.332793569299422656e+13
5.847291873269396875e+13
6.411428045525146875e+13
7.029991058059225781e+13
7.708231914243517188e+13
8.451908224783045312e+13
9.267333084277882812e+13
1.016142866330705156e+14
1.114178497098059531e+14
1.221672428679602656e+14
1.339537180876477500e+14
1.468773311754164688e+14
1.610477911415461562e+14
1.765853915237266250e+14
1.936220315631742500e+14
2.123023359019677188e+14
2.327848823067745938e+14
2.552435478411353438e+14
2.798689849140354062e+14
3.068702397349651875e+14
3.364765269146221250e+14
3.689391752758679375e+14
4.045337613930389375e+14
4.435624489712560625e+14
4.863565539248574375e+14
5.332793569299423125e+14
5.847291873269396250e+14
6.411428045525147500e+14
7.029991058059226250e+14
7.708231914243517500e+14
8.451908224783045000e+14
9.267333084277881250e+14
1.016142866330705125e+15
1.114178497098059500e+15
1.221672428679602750e+15
1.339537180876477500e+15
1.468773311754164750e+15
1.610477911415461750e+15
1.765853915237266000e+15
1.936220315631742250e+15
2.123023359019677000e+15
2.327848823067746000e+15
2.552435478411353000e+15
2.798689849140354000e+15
3.068702397349652000e+15
3.364765269146220500e+15
3.689391752758679500e+15
4.045337613930389000e+15
4.435624489712560500e+15
4.863565539248574000e+15
5.332793569299423000e+15
5.847291873269397000e+15
6.411428045525147000e+15
7.029991058059226000e+15
7.708231914243517000e+15
8.451908224783046000e+15
9.267333084277882000e+15
1.016142866330705200e+16
1.114178497098059400e+16
1.221672428679602800e+16
1.339537180876477400e+16
1.468773311754164600e+16
1.610477911415461600e+16
1.765853915237266000e+16
1.936220315631742400e+16
2.123023359019677200e+16
2.327848823067746000e+16
2.552435478411353200e+16
2.798689849140354000e+16
3.068702397349651600e+16
3.364765269146220800e+16
3.689391752758680000e+16
4.045337613930388800e+16
4.435624489712560800e+16
4.863565539248574400e+16
