5.00000007e-02 3.10045743e+00
5.09999990e-02 3.10075688e+00
5.20000011e-02 3.10106325e+00
5.29999994e-02 3.10137653e+00
5.40000014e-02 3.10169625e+00
5.49999997e-02 3.10202122e+00
5.60000017e-02 3.10235167e+00
5.70000000e-02 3.10268664e+00
5.80000021e-02 3.10302591e+00
5.90000004e-02 3.10336900e+00
6.00000024e-02 3.10371518e+00
6.10000007e-02 3.10406446e+00
6.19999990e-02 3.10441613e+00
6.30000010e-02 3.10476971e+00
6.40000030e-02 3.10512519e+00
6.49999976e-02 3.10548210e+00
6.59999996e-02 3.10583997e+00
6.70000017e-02 3.10619831e+00
6.80000037e-02 3.10655713e+00
6.90000057e-02 3.10691595e+00
7.00000003e-02 3.10727453e+00
7.10000023e-02 3.10763264e+00
7.20000044e-02 3.10798979e+00
7.29999989e-02 3.10834599e+00
7.40000010e-02 3.10870099e+00
7.50000030e-02 3.10905433e+00
7.60000050e-02 3.10940576e+00
7.69999996e-02 3.10975528e+00
7.80000016e-02 3.11010265e+00
7.90000036e-02 3.11044765e+00
7.99999982e-02 3.11079025e+00
8.10000002e-02 3.11112976e+00
8.20000023e-02 3.11146665e+00
8.30000043e-02 3.11180043e+00
8.40000063e-02 3.11213088e+00
8.50000009e-02 3.11245823e+00
8.60000029e-02 3.11278176e+00
8.69999975e-02 3.11310196e+00
8.79999995e-02 3.11341858e+00
8.90000015e-02 3.11373115e+00
9.00000036e-02 3.11403990e+00
9.10000056e-02 3.11434484e+00
9.20000076e-02 3.11464548e+00
9.30000022e-02 3.11494207e+00
9.40000042e-02 3.11523438e+00
9.49999988e-02 3.11552238e+00
9.60000008e-02 3.11580610e+00
9.70000029e-02 3.11608553e+00
9.80000049e-02 3.11636043e+00
9.90000069e-02 3.11663103e+00
1.00000001e-01 3.11689687e+00
1.01000004e-01 3.11715841e+00
1.01999998e-01 3.11741519e+00
1.03000000e-01 3.11766744e+00
1.04000002e-01 3.11791515e+00
1.05000004e-01 3.11815834e+00
1.06000006e-01 3.11839676e+00
1.07000008e-01 3.11863065e+00
1.08000003e-01 3.11886001e+00
1.09000005e-01 3.11908460e+00
1.09999999e-01 3.11930490e+00
1.11000001e-01 3.11952043e+00
1.12000003e-01 3.11973143e+00
1.13000005e-01 3.11993766e+00
1.14000008e-01 3.12013984e+00
1.15000010e-01 3.12033725e+00
1.15999997e-01 3.12053013e+00
1.16999999e-01 3.12071872e+00
1.18000001e-01 3.12090302e+00
1.19000003e-01 3.12108302e+00
1.20000005e-01 3.12125850e+00
1.21000007e-01 3.12142968e+00
1.22000009e-01 3.12159681e+00
1.23000011e-01 3.12175989e+00
1.23999998e-01 3.12191868e+00
1.25000000e-01 3.12207341e+00
1.26000002e-01 3.12222409e+00
1.27000004e-01 3.12237072e+00
1.28000006e-01 3.12251353e+00
1.29000008e-01 3.12265253e+00
1.30000010e-01 3.12278771e+00
1.30999997e-01 3.12291908e+00
1.31999999e-01 3.12304664e+00
1.33000001e-01 3.12317085e+00
1.34000003e-01 3.12329125e+00
1.35000005e-01 3.12340832e+00
1.36000007e-01 3.12352204e+00
1.37000009e-01 3.12363219e+00
1.38000011e-01 3.12373900e+00
1.38999999e-01 3.12384272e+00
1.40000001e-01 3.12394309e+00
1.41000003e-01 3.12404037e+00
1.42000005e-01 3.12413454e+00
1.43000007e-01 3.12422585e+00
1.44000009e-01 3.12431431e+00
1.45000011e-01 3.12439966e+00
1.45999998e-01 3.12448239e+00
1.47000000e-01 3.12456226e+00
1.48000002e-01 3.12463951e+00
1.49000004e-01 3.12471414e+00
1.50000006e-01 3.12478614e+00
1.51000008e-01 3.12485576e+00
1.52000010e-01 3.12492299e+00
1.53000012e-01 3.12498784e+00
1.53999999e-01 3.12505031e+00
1.55000001e-01 3.12511063e+00
1.56000003e-01 3.12516856e+00
1.57000005e-01 3.12522459e+00
1.58000007e-01 3.12527847e+00
1.59000009e-01 3.12533045e+00
1.60000011e-01 3.12538028e+00
1.61000013e-01 3.12542844e+00
1.62000000e-01 3.12547469e+00
1.63000003e-01 3.12551904e+00
1.64000005e-01 3.12556171e+00
1.65000007e-01 3.12560272e+00
1.66000009e-01 3.12564230e+00
1.67000011e-01 3.12567997e+00
1.68000013e-01 3.12571645e+00
1.69000000e-01 3.12575126e+00
1.70000002e-01 3.12578464e+00
1.71000004e-01 3.12581658e+00
1.72000006e-01 3.12584734e+00
1.73000008e-01 3.12587667e+00
1.74000010e-01 3.12590480e+00
1.74999997e-01 3.12593150e+00
1.75999999e-01 3.12595725e+00
1.77000001e-01 3.12598181e+00
1.78000003e-01 3.12600541e+00
1.79000005e-01 3.12602782e+00
1.80000007e-01 3.12604904e+00
1.81000009e-01 3.12606955e+00
1.81999996e-01 3.12608886e+00
1.82999998e-01 3.12610722e+00
1.84000000e-01 3.12612486e+00
1.85000002e-01 3.12614155e+00
1.86000004e-01 3.12615728e+00
1.87000006e-01 3.12617230e+00
1.88000008e-01 3.12618637e+00
1.89000010e-01 3.12619972e+00
1.89999998e-01 3.12621236e+00
1.91000000e-01 3.12622428e+00
1.92000002e-01 3.12623525e+00
1.93000004e-01 3.12624574e+00
1.94000006e-01 3.12625551e+00
1.95000008e-01 3.12626457e+00
1.96000010e-01 3.12627292e+00
1.96999997e-01 3.12628055e+00
1.97999999e-01 3.12628770e+00
1.99000001e-01 3.12629414e+00
2.00000003e-01 3.12629986e+00
2.01000005e-01 3.12630510e+00
2.02000007e-01 3.12630963e+00
2.03000009e-01 3.12631345e+00
2.04000011e-01 3.12631679e+00
2.04999998e-01 3.12631965e+00
2.06000000e-01 3.12632179e+00
2.07000002e-01 3.12632322e+00
2.08000004e-01 3.12632418e+00
2.09000006e-01 3.12632442e+00
2.10000008e-01 3.12632418e+00
2.11000010e-01 3.12632322e+00
2.11999997e-01 3.12632155e+00
2.13000000e-01 3.12631941e+00
2.14000002e-01 3.12631655e+00
2.15000004e-01 3.12631297e+00
2.16000006e-01 3.12630892e+00
2.17000008e-01 3.12630415e+00
2.18000010e-01 3.12629867e+00
2.19000012e-01 3.12629247e+00
2.19999999e-01 3.12628555e+00
2.21000001e-01 3.12627792e+00
2.22000003e-01 3.12626958e+00
2.23000005e-01 3.12626052e+00
2.24000007e-01 3.12625074e+00
2.25000009e-01 3.12624002e+00
2.26000011e-01 3.12622857e+00
2.26999998e-01 3.12621641e+00
2.28000000e-01 3.12620330e+00
2.29000002e-01 3.12618947e+00
2.30000004e-01 3.12617469e+00
2.31000006e-01 3.12615895e+00
2.32000008e-01 3.12614226e+00
2.33000010e-01 3.12612486e+00
2.34000012e-01 3.12610626e+00
2.34999999e-01 3.12608695e+00
2.36000001e-01 3.12606645e+00
2.37000003e-01 3.12604499e+00
2.38000005e-01 3.12602234e+00
2.39000008e-01 3.12599874e+00
2.40000010e-01 3.12597418e+00
2.41000012e-01 3.12594819e+00
2.41999999e-01 3.12592125e+00
2.43000001e-01 3.12589335e+00
2.44000003e-01 3.12586403e+00
2.45000005e-01 3.12583351e+00
2.46000007e-01 3.12580180e+00
2.47000009e-01 3.12576866e+00
2.48000011e-01 3.12573433e+00
2.49000013e-01 3.12569880e+00
2.50000000e-01 3.12566185e+00
2.51000017e-01 3.12562370e+00
2.52000004e-01 3.12558413e+00
2.53000021e-01 3.12554312e+00
2.54000008e-01 3.12550044e+00
2.55000025e-01 3.12545657e+00
2.56000012e-01 3.12541127e+00
2.57000029e-01 3.12536430e+00
2.58000016e-01 3.12531590e+00
2.59000003e-01 3.12526608e+00
2.60000020e-01 3.12521458e+00
2.61000007e-01 3.12516165e+00
2.62000024e-01 3.12510681e+00
2.63000011e-01 3.12505054e+00
2.64000028e-01 3.12499261e+00
2.65000015e-01 3.12493324e+00
2.66000003e-01 3.12487197e+00
2.67000020e-01 3.12480903e+00
2.68000007e-01 3.12474418e+00
2.69000024e-01 3.12467790e+00
2.70000011e-01 3.12460971e+00
2.71000028e-01 3.12453985e+00
2.72000015e-01 3.12446809e+00
2.73000002e-01 3.12439466e+00
2.74000019e-01 3.12431931e+00
2.75000006e-01 3.12424231e+00
2.76000023e-01 3.12416339e+00
2.77000010e-01 3.12408257e+00
2.78000027e-01 3.12399983e+00
2.79000014e-01 3.12391543e+00
2.80000001e-01 3.12382889e+00
2.81000018e-01 3.12374067e+00
2.82000005e-01 3.12365055e+00
2.83000022e-01 3.12355828e+00
2.84000009e-01 3.12346435e+00
2.85000026e-01 3.12336850e+00
2.86000013e-01 3.12327075e+00
2.87000030e-01 3.12317085e+00
2.88000017e-01 3.12306929e+00
2.89000005e-01 3.12296557e+00
2.90000021e-01 3.12285995e+00
2.91000009e-01 3.12275267e+00
2.92000026e-01 3.12264323e+00
2.93000013e-01 3.12253189e+00
2.94000030e-01 3.12241864e+00
2.95000017e-01 3.12230349e+00
2.96000004e-01 3.12218642e+00
2.97000021e-01 3.12206721e+00
2.98000008e-01 3.12194633e+00
2.99000025e-01 3.12182355e+00
3.00000012e-01 3.12169886e+00
3.01000029e-01 3.12157226e+00
3.02000016e-01 3.12144375e+00
3.03000033e-01 3.12131333e+00
3.04000020e-01 3.12118125e+00
3.05000037e-01 3.12104702e+00
3.06000024e-01 3.12091112e+00
3.07000011e-01 3.12077355e+00
3.08000028e-01 3.12063384e+00
3.09000015e-01 3.12049270e+00
3.10000032e-01 3.12034965e+00
3.11000019e-01 3.12020469e+00
3.12000036e-01 3.12005806e+00
3.13000023e-01 3.11990976e+00
3.14000010e-01 3.11975980e+00
3.15000027e-01 3.11960816e+00
3.16000015e-01 3.11945486e+00
3.17000031e-01 3.11929989e+00
3.18000019e-01 3.11914349e+00
3.19000036e-01 3.11898518e+00
3.20000023e-01 3.11882544e+00
3.21000040e-01 3.11866426e+00
3.22000027e-01 3.11850142e+00
3.23000014e-01 3.11833715e+00
3.24000031e-01 3.11817145e+00
3.25000018e-01 3.11800432e+00
3.26000035e-01 3.11783576e+00
3.27000022e-01 3.11766577e+00
3.28000039e-01 3.11749458e+00
3.29000026e-01 3.11732197e+00
3.30000013e-01 3.11714816e+00
3.31000030e-01 3.11697292e+00
3.32000017e-01 3.11679673e+00
3.33000034e-01 3.11661911e+00
3.34000021e-01 3.11644030e+00
3.35000038e-01 3.11626053e+00
3.36000025e-01 3.11607957e+00
3.37000012e-01 3.11589766e+00
3.38000029e-01 3.11571455e+00
3.39000016e-01 3.11553049e+00
3.40000033e-01 3.11534548e+00
3.41000021e-01 3.11515975e+00
3.42000037e-01 3.11497283e+00
3.43000025e-01 3.11478519e+00
3.44000012e-01 3.11459684e+00
3.45000029e-01 3.11440754e+00
3.46000016e-01 3.11421752e+00
3.47000033e-01 3.11402678e+00
3.48000020e-01 3.11383533e+00
3.49000037e-01 3.11364341e+00
3.50000024e-01 3.11345077e+00
3.51000041e-01 3.11325765e+00
3.52000028e-01 3.11306381e+00
3.53000015e-01 3.11286950e+00
3.54000032e-01 3.11267495e+00
3.55000019e-01 3.11247993e+00
3.56000036e-01 3.11228418e+00
3.57000023e-01 3.11208844e+00
3.58000040e-01 3.11189222e+00
3.59000027e-01 3.11169577e+00
3.60000014e-01 3.11149907e+00
3.61000031e-01 3.11130214e+00
3.62000018e-01 3.11110497e+00
3.63000035e-01 3.11090779e+00
3.64000022e-01 3.11071038e+00
3.65000039e-01 3.11051273e+00
3.66000026e-01 3.11031532e+00
3.67000014e-01 3.11011767e+00
3.68000031e-01 3.10992026e+00
3.69000018e-01 3.10972261e+00
3.70000035e-01 3.10952520e+00
3.71000022e-01 3.10932779e+00
3.72000039e-01 3.10913062e+00
3.73000026e-01 3.10893369e+00
3.74000013e-01 3.10873675e+00
3.75000030e-01 3.10854006e+00
3.76000017e-01 3.10834360e+00
3.77000034e-01 3.10814738e+00
3.78000021e-01 3.10795164e+00
3.79000038e-01 3.10775590e+00
3.80000025e-01 3.10756087e+00
3.81000042e-01 3.10736585e+00
3.82000029e-01 3.10717154e+00
3.83000016e-01 3.10697746e+00
3.84000033e-01 3.10678363e+00
3.85000020e-01 3.10659051e+00
3.86000037e-01 3.10639763e+00
3.87000024e-01 3.10620546e+00
3.88000041e-01 3.10601377e+00
3.89000028e-01 3.10582232e+00
3.90000015e-01 3.10563159e+00
3.91000032e-01 3.10544157e+00
3.92000020e-01 3.10525179e+00
3.93000036e-01 3.10506272e+00
3.94000024e-01 3.10487437e+00
3.95000041e-01 3.10468650e+00
3.96000028e-01 3.10449910e+00
3.97000015e-01 3.10431242e+00
3.98000032e-01 3.10412645e+00
3.99000019e-01 3.10394096e+00
4.00000036e-01 3.10375619e+00
4.01000023e-01 3.10357213e+00
4.02000040e-01 3.10338855e+00
4.03000027e-01 3.10320568e+00
4.04000014e-01 3.10302353e+00
4.05000031e-01 3.10284185e+00
4.06000018e-01 3.10266113e+00
4.07000035e-01 3.10248065e+00
4.08000022e-01 3.10230112e+00
4.09000039e-01 3.10212231e+00
4.10000026e-01 3.10194397e+00
4.11000043e-01 3.10176635e+00
4.12000030e-01 3.10158920e+00
4.13000017e-01 3.10141301e+00
4.14000034e-01 3.10123730e+00
4.15000021e-01 3.10106206e+00
4.16000038e-01 3.10088754e+00
4.17000026e-01 3.10071373e+00
4.18000042e-01 3.10054040e+00
4.19000030e-01 3.10036778e+00
4.20000017e-01 3.10019565e+00
4.21000034e-01 3.10002422e+00
4.22000021e-01 3.09985328e+00
4.23000038e-01 3.09968281e+00
4.24000025e-01 3.09951305e+00
4.25000042e-01 3.09934378e+00
4.26000029e-01 3.09917498e+00
4.27000016e-01 3.09900665e+00
4.28000033e-01 3.09883881e+00
4.29000020e-01 3.09867167e+00
4.30000037e-01 3.09850478e+00
4.31000024e-01 3.09833837e+00
4.32000041e-01 3.09817243e+00
4.33000028e-01 3.09800696e+00
4.34000015e-01 3.09784198e+00
4.35000032e-01 3.09767723e+00
4.36000019e-01 3.09751296e+00
4.37000036e-01 3.09734893e+00
4.38000023e-01 3.09718537e+00
4.39000040e-01 3.09702206e+00
4.40000027e-01 3.09685922e+00
4.41000044e-01 3.09669662e+00
4.42000031e-01 3.09653449e+00
4.43000019e-01 3.09637237e+00
4.44000036e-01 3.09621072e+00
4.45000023e-01 3.09604931e+00
4.46000040e-01 3.09588814e+00
4.47000027e-01 3.09572721e+00
4.48000044e-01 3.09556651e+00
4.49000031e-01 3.09540582e+00
4.50000018e-01 3.09524560e+00
4.51000035e-01 3.09508562e+00
4.52000022e-01 3.09492564e+00
4.53000039e-01 3.09476590e+00
4.54000026e-01 3.09460640e+00
4.55000043e-01 3.09444714e+00
4.56000030e-01 3.09428787e+00
4.57000017e-01 3.09412885e+00
4.58000034e-01 3.09397006e+00
4.59000021e-01 3.09381151e+00
4.60000038e-01 3.09365296e+00
4.61000025e-01 3.09349465e+00
4.62000042e-01 3.09333634e+00
4.63000029e-01 3.09317827e+00
4.64000046e-01 3.09302044e+00
4.65000033e-01 3.09286284e+00
4.66000021e-01 3.09270525e+00
4.67000037e-01 3.09254789e+00
4.68000025e-01 3.09239078e+00
4.69000041e-01 3.09223390e+00
4.70000029e-01 3.09207702e+00
4.71000046e-01 3.09192061e+00
4.72000033e-01 3.09176445e+00
4.73000020e-01 3.09160829e+00
4.74000037e-01 3.09145260e+00
4.75000024e-01 3.09129715e+00
4.76000041e-01 3.09114194e+00
4.77000028e-01 3.09098721e+00
4.78000045e-01 3.09083247e+00
4.79000032e-01 3.09067845e+00
4.80000019e-01 3.09052467e+00
4.81000036e-01 3.09037113e+00
4.82000023e-01 3.09021831e+00
4.83000040e-01 3.09006572e+00
4.84000027e-01 3.08991385e+00
4.85000044e-01 3.08976221e+00
4.86000031e-01 3.08961129e+00
4.87000018e-01 3.08946085e+00
4.88000035e-01 3.08931088e+00
4.89000022e-01 3.08916163e+00
4.90000039e-01 3.08901310e+00
4.91000026e-01 3.08886528e+00
4.92000043e-01 3.08871794e+00
4.93000031e-01 3.08857155e+00
4.94000047e-01 3.08842564e+00
4.95000035e-01 3.08828068e+00
4.96000022e-01 3.08813667e+00
4.97000039e-01 3.08799338e+00
4.98000026e-01 3.08785081e+00
4.99000043e-01 3.08770943e+00
5.00000000e-01 3.08756876e+00
5.01000047e-01 3.08742881e+00
5.02000034e-01 3.08729005e+00
5.03000021e-01 3.08715224e+00
5.04000008e-01 3.08701539e+00
5.04999995e-01 3.08687949e+00
5.06000042e-01 3.08674455e+00
5.07000029e-01 3.08661079e+00
5.08000016e-01 3.08647799e+00
5.09000003e-01 3.08634591e+00
5.09999990e-01 3.08621502e+00
5.11000037e-01 3.08608508e+00
5.12000024e-01 3.08595610e+00
5.13000011e-01 3.08582807e+00
5.13999999e-01 3.08570075e+00
5.15000045e-01 3.08557463e+00
5.16000032e-01 3.08544898e+00
5.17000020e-01 3.08532405e+00
5.18000007e-01 3.08520031e+00
5.18999994e-01 3.08507681e+00
5.20000041e-01 3.08495378e+00
5.21000028e-01 3.08483148e+00
5.22000015e-01 3.08470941e+00
5.23000002e-01 3.08458757e+00
5.24000049e-01 3.08446574e+00
5.25000036e-01 3.08434391e+00
5.26000023e-01 3.08422208e+00
5.27000010e-01 3.08409977e+00
5.27999997e-01 3.08397698e+00
5.29000044e-01 3.08385348e+00
5.30000031e-01 3.08372903e+00
5.31000018e-01 3.08360338e+00
5.32000005e-01 3.08347631e+00
5.32999992e-01 3.08334780e+00
5.34000039e-01 3.08321691e+00
5.35000026e-01 3.08308387e+00
5.36000013e-01 3.08294845e+00
5.37000000e-01 3.08280969e+00
5.38000047e-01 3.08266807e+00
5.39000034e-01 3.08252215e+00
5.40000021e-01 3.08237219e+00
5.41000009e-01 3.08221769e+00
5.41999996e-01 3.08205771e+00
5.43000042e-01 3.08189249e+00
5.44000030e-01 3.08172083e+00
5.45000017e-01 3.08154202e+00
5.46000004e-01 3.08135605e+00
5.46999991e-01 3.08116174e+00
5.48000038e-01 3.08095860e+00
5.49000025e-01 3.08074617e+00
5.50000012e-01 3.08052301e+00
5.51000059e-01 3.08028865e+00
5.52000046e-01 3.08004212e+00
5.53000033e-01 3.07978272e+00
5.54000020e-01 3.07950926e+00
5.55000007e-01 3.07922053e+00
5.56000054e-01 3.07891631e+00
5.57000041e-01 3.07859421e+00
5.58000028e-01 3.07825422e+00
5.59000015e-01 3.07789421e+00
5.60000062e-01 3.07751298e+00
5.61000049e-01 3.07710958e+00
5.62000036e-01 3.07668257e+00
5.63000023e-01 3.07623005e+00
5.64000010e-01 3.07575059e+00
5.65000057e-01 3.07524276e+00
5.66000044e-01 3.07470441e+00
5.67000031e-01 3.07413411e+00
5.68000019e-01 3.07352972e+00
5.69000065e-01 3.07288933e+00
5.70000052e-01 3.07221055e+00
5.71000040e-01 3.07149243e+00
5.72000027e-01 3.07073092e+00
5.73000014e-01 3.06992507e+00
5.74000061e-01 3.06907201e+00
5.75000048e-01 3.06816936e+00
5.76000035e-01 3.06721354e+00
5.77000022e-01 3.06620336e+00
5.78000009e-01 3.06513405e+00
5.79000056e-01 3.06400442e+00
5.80000043e-01 3.06281066e+00
5.81000030e-01 3.06154895e+00
5.82000017e-01 3.06021643e+00
5.83000064e-01 3.05880952e+00
5.84000051e-01 3.05732489e+00
5.85000038e-01 3.05575800e+00
5.86000025e-01 3.05410600e+00
5.87000012e-01 3.05236411e+00
5.88000059e-01 3.05052686e+00
5.89000046e-01 3.04859257e+00
5.90000033e-01 3.04655528e+00
5.91000021e-01 3.04440951e+00
5.92000067e-01 3.04215169e+00
5.93000054e-01 3.03977537e+00
5.94000041e-01 3.03727746e+00
5.95000029e-01 3.03465009e+00
5.96000016e-01 3.03188848e+00
5.97000062e-01 3.02898741e+00
5.98000050e-01 3.02593970e+00
