# bin1 in test_cluster_Y1.fits
1.065378593773010432e-02
3.189172522536205118e-02
5.396525556693348991e-02
8.261210219949641220e-02
1.147545047410403751e-01
1.523143226156257746e-01
1.919909711601954783e-01
2.306649104400398109e-01
2.730433033923387320e-01
3.213126132749012931e-01
3.877421020630958393e-01
4.715518847732377283e-01
5.673245460722777800e-01
7.172713607017374704e-01
9.065745139718204282e-01
1.066005287063746421e+00
1.254361437139356106e+00
1.457423989764256245e+00
1.599098452959058392e+00
1.731093986446091249e+00
1.857435353801719646e+00
1.960324465576782416e+00
2.079340484692861146e+00
2.163470577306984666e+00
2.209539497414186648e+00
2.257349232217067847e+00
2.322358216213552318e+00
2.446875209768075266e+00
2.577686989262268469e+00
2.587170947724475312e+00
2.424634561215729622e+00
2.279520248181584385e+00
2.293056823255433585e+00
2.347314535691197968e+00
2.400026404677198411e+00
2.474115478126518219e+00
2.553148465311566806e+00
2.628184541955332243e+00
2.691424858220998306e+00
2.729667075456275960e+00
2.799982062645251624e+00
2.965930445957596806e+00
2.950095995485480849e+00
2.731338257564183802e+00
2.485841605916765840e+00
2.273810375979655074e+00
2.170197085291183825e+00
2.070622484696747811e+00
1.965602615734184822e+00
1.854524711630466838e+00
1.738837130212624649e+00
1.753000398576895824e+00
1.710984095081264922e+00
1.500944357156103415e+00
1.273120456299449588e+00
1.064501223165996491e+00
8.915338750005495916e-01
7.299723447213891658e-01
5.848998112399735883e-01
4.686133895667377591e-01
3.790101755493611169e-01
3.186805014548563242e-01
2.729179647340789217e-01
2.364304887121412291e-01
1.994138050226611780e-01
1.669928721297151974e-01
1.419808465818975241e-01
1.250601277396237998e-01
1.035854376533091176e-01
8.830804788384352677e-02
7.825310220139632122e-02
7.420048558984276843e-02
6.730685939480071656e-02
5.985617249710790955e-02
5.268401595092789963e-02
4.495479870193648531e-02
4.017800317693874523e-02
3.473273480873153435e-02
3.143215014571278110e-02
3.125110541723124385e-02
2.712885621793337601e-02
2.416250797646580725e-02
2.423214056413873149e-02
2.193426516598773190e-02
2.093155590120922976e-02
2.112652714709326029e-02
2.178107347270388447e-02
2.257488497391025792e-02
2.217101596450764961e-02
2.069480510254650962e-02
1.909325558251706578e-02
1.575089136673747670e-02
1.272883705498162842e-02
1.194895207135624957e-02
1.030562299861952080e-02
1.157293609707992985e-02
1.217177635234872185e-02
1.300736740631593114e-02
1.407970925894585883e-02
1.700427794759904257e-02
1.875901916091233385e-02
2.217101596456119705e-02
2.336869647515233198e-02
2.388397762509580219e-02
2.488668688983860372e-02
2.813156548262262663e-02
3.152963576869050044e-02
3.293621404272881192e-02
3.473273480871368751e-02
3.917529391228519176e-02
3.978806068499218113e-02
4.105537378354183475e-02
4.300508624282840808e-02
4.421669327094698843e-02
4.904919486614375823e-02
5.197376355508254858e-02
5.670877952728375221e-02
5.542753991134944519e-02
4.927201914729688326e-02
3.450991052772121176e-02
2.374471244937510078e-02
1.590408306002132413e-02
1.116906708765946950e-02
1.041703513912468210e-02
9.428252391909324251e-03
9.748562295950913628e-03
8.926897759618249856e-03
8.341984021805502053e-03
7.562099038197973508e-03
6.364418527481889055e-03
6.071961658637990353e-03
5.709872201871266616e-03
6.155520764088261675e-03
6.058035141003445707e-03
6.559389773490871718e-03
6.726507984123663263e-03
7.325348239535255102e-03
7.770996801627300631e-03
7.534246003071683184e-03
7.102523958507083075e-03
7.227862616539688922e-03
7.979894565110178667e-03
8.300204469187466919e-03
9.052236417650854836e-03
8.912971242019403217e-03
9.637150155427902029e-03
9.483958462197605507e-03
9.386472839309139421e-03
1.011065175259268784e-02
1.077912459585570609e-02
1.143367092135922844e-02
1.143367092139492731e-02
1.144759743904732313e-02
1.100194887690172756e-02
1.168434823753154023e-02
1.087661021872632187e-02
1.102980191202801788e-02
1.118299360518691492e-02
1.185146644841423257e-02
1.151723002673809941e-02
1.185146644841423257e-02
1.169827475514823543e-02
1.183753993085108827e-02
1.133618529841721144e-02
1.247815973880931489e-02
1.225533545781684261e-02
1.179576037807240213e-02
1.320233865227136462e-02
1.270098401985533809e-02
1.224140894018229710e-02
1.316055909963547918e-02
1.187931948339772219e-02
1.171220127271138146e-02
1.193502555382880415e-02
1.144759743895807334e-02
1.118299360525831614e-02
1.094624280655989712e-02
9.957460059469491406e-03
1.040310862152583546e-02
1.090446325394186199e-02
1.030562299854811958e-02
9.804268366203494275e-03
9.344693286512602975e-03
1.072341852558527514e-02
9.957460059415940493e-03
1.012457827029863283e-02
1.024991692834908985e-02
1.001316612968637144e-02
9.804268366167793666e-03
9.971386577086186614e-03
9.804268366149943362e-03
9.275060698732578643e-03
9.316840251457713870e-03
9.734635778441318513e-03
9.609297120230212222e-03
9.107942487903435483e-03
8.829412136658382551e-03
9.275060698732578643e-03
9.748562295950913628e-03
9.665003190572042657e-03
9.553591050031180754e-03
9.177575075772711338e-03
9.094015970447391281e-03
9.372546321585344120e-03
9.372546321745995127e-03
9.873900954037069522e-03
9.943533541888495073e-03
9.692856225662632372e-03
9.943533541870646503e-03
9.233281146078842899e-03
9.567517567612177087e-03
9.525738014887040125e-03
9.247207663606288319e-03
9.483958462269004991e-03
9.107942487814185695e-03
8.662293925864941735e-03
8.871191689365669208e-03
8.592661337995665879e-03
8.926897759564698942e-03
8.550881785341930136e-03
8.676220443374535116e-03
8.035600635398458189e-03
8.982603829817279589e-03
8.676220443463786638e-03
8.272351433971926807e-03
7.729217248955715450e-03
8.300204469080366826e-03
8.188792328575205531e-03
8.091306705686739445e-03
7.603878590869558689e-03
7.743143766483160002e-03
7.882408942150311362e-03
7.993821082691173266e-03
7.687437696266279964e-03
7.200009581413398599e-03
7.172156546340658322e-03
7.840629389460876744e-03
7.116450476052377933e-03
6.461904150477455235e-03
6.921479230168345667e-03
6.921479230079095012e-03
6.949332265223235640e-03
6.517610220801436233e-03
6.447977632878610331e-03
6.823993607172779488e-03
6.169447281508606135e-03
5.974476035767375438e-03
6.155520763927611536e-03
5.751651754632102452e-03
5.946623000569684764e-03
5.612386578947099920e-03
5.612386578982800529e-03
5.598460061437505672e-03
5.264223639743521345e-03
5.431341850572662770e-03
5.097105429057179754e-03
4.748942489960700404e-03
4.790722042489485751e-03
4.108322681931073431e-03
3.969057506174671415e-03
4.498265173734837703e-03
4.024763576445101500e-03
4.233661339910129232e-03
4.553971244005267788e-03
4.052616611678492783e-03
3.955130988593675949e-03
3.955130988647225995e-03
4.331146962923545715e-03
3.593041531951901742e-03
3.189172522567142436e-03
3.788012777818084136e-03
4.150102234602658612e-03
3.704453672403512990e-03
4.303293927779405087e-03
3.425923321176309929e-03
3.704453672474913341e-03
3.411996803595314896e-03
3.300584663054453426e-03
3.648747602204482389e-03
3.342364215761738783e-03
3.801939295399079169e-03
3.133466452278861614e-03
3.342364215708188736e-03
3.606968049550747079e-03
2.799230030691977379e-03
3.119539934697866147e-03
3.133466452296711485e-03
2.841009583310012947e-03
3.286658145562708615e-03
3.035980829265445130e-03
3.119539934733566323e-03
2.659964855078376066e-03
2.618185302353240405e-03
2.673891372623671357e-03
2.478920126703938916e-03
2.353581468546382238e-03
2.771376995547837185e-03
2.534626196956519563e-03
2.019345047013048483e-03
1.935785941687727775e-03
2.214316292879230444e-03
2.061124599702483969e-03
2.367507986163077446e-03
2.088977634864474468e-03
1.935785941598477337e-03
1.559769967340008138e-03
1.712961660588154965e-03
2.005418529503453368e-03
1.392651756582266196e-03
2.047198082121488936e-03
1.615476037610438873e-03
1.378725239019121035e-03
1.281239615987854680e-03
1.406578274181111534e-03
1.211607028243529222e-03
1.309092651131995091e-03
1.155900957973098487e-03
9.330766768735257845e-04
1.086268370085972544e-03
1.072341852576377645e-03
1.183753993063688635e-03
9.330766769449260270e-04
9.609297120533662629e-04
9.470031944723710134e-04
1.128047922811108205e-03
7.241789134263484657e-04
1.044488817432237234e-03
8.216645363505145107e-04
7.520319485347887016e-04
7.938115012599243625e-04
9.470031944545210341e-04
8.773706065852449618e-04
8.216645364040646654e-04
5.988402553401920301e-04
8.077380188052194366e-04
5.431341850876114912e-04
4.177955269657548259e-04
7.798849836789291130e-04
5.431341850162111403e-04
4.317220445467500754e-04
5.431341850876114912e-04
4.177955269479047924e-04
3.760159742763193947e-04
4.038690093847596306e-04
3.481629391321790375e-04
4.038690093847596306e-04
5.849137377234967135e-04
2.785303512986031949e-04
2.924568688438982690e-04
2.646038337176079454e-04
9.748562294201606495e-05
0.000000000000000000e+00
0.000000000000000000e+00
0.000000000000000000e+00
0.000000000000000000e+00
0.000000000000000000e+00
0.000000000000000000e+00
0.000000000000000000e+00
0.000000000000000000e+00
0.000000000000000000e+00
0.000000000000000000e+00
0.000000000000000000e+00
0.000000000000000000e+00
0.000000000000000000e+00
0.000000000000000000e+00
0.000000000000000000e+00
0.000000000000000000e+00
0.000000000000000000e+00
0.000000000000000000e+00
0.000000000000000000e+00
0.000000000000000000e+00
0.000000000000000000e+00
0.000000000000000000e+00
0.000000000000000000e+00
0.000000000000000000e+00
0.000000000000000000e+00
0.000000000000000000e+00
0.000000000000000000e+00
0.000000000000000000e+00
0.000000000000000000e+00
0.000000000000000000e+00
0.000000000000000000e+00
0.000000000000000000e+00
0.000000000000000000e+00
0.000000000000000000e+00
0.000000000000000000e+00
0.000000000000000000e+00
0.000000000000000000e+00
0.000000000000000000e+00
0.000000000000000000e+00
0.000000000000000000e+00
0.000000000000000000e+00
0.000000000000000000e+00
0.000000000000000000e+00
0.000000000000000000e+00
0.000000000000000000e+00
0.000000000000000000e+00
0.000000000000000000e+00
0.000000000000000000e+00
0.000000000000000000e+00
