1.637769813505452632e+01
1.661028248788220907e+01
1.684286684070989182e+01
1.707545119353757102e+01
1.730803554636525377e+01
1.754061989919293296e+01
1.777320425202061571e+01
1.800578860484829491e+01
1.823837295767597766e+01
1.847095731050366041e+01
1.870354166333134316e+01
1.893612601615902236e+01
1.916871036898670511e+01
1.940129472181438430e+01
1.963387907464206350e+01
1.986646342746974980e+01
2.009904778029742900e+01
2.033163213312510820e+01
2.056421648595279095e+01
2.079680083878047370e+01
2.102938519160815645e+01
2.126196954443583564e+01
2.149455389726351484e+01
2.172713825009120114e+01
2.195972260291888034e+01
2.219230695574656309e+01
2.242489130857424229e+01
2.265747566140192149e+01
2.289006001422960779e+01
2.312264436705728698e+01
2.335522871988496973e+01
2.358781307271264893e+01
2.382039742554033168e+01
2.405298177836801443e+01
2.428556613119569363e+01
2.451815048402337638e+01
2.475073483685105913e+01
2.498331918967873833e+01
2.521590354250641752e+01
2.544848789533410027e+01
2.568107224816178658e+01
2.591365660098946577e+01
2.614624095381714497e+01
2.637882530664482417e+01
2.661140965947250692e+01
2.684399401230018967e+01
2.707657836512787242e+01
2.730916271795555161e+01
2.754174707078323081e+01
2.777433142361091711e+01
2.800691577643859631e+01
2.823950012926627906e+01
2.847208448209395826e+01
2.870466883492163745e+01
2.893725318774932020e+01
2.916983754057700295e+01
2.940242189340468570e+01
2.963500624623236490e+01
2.986759059906004765e+01
3.010017495188772685e+01
3.033275930471540960e+01
3.056534365754309235e+01
3.079792801037077510e+01
3.103051236319845430e+01
3.126309671602613349e+01
3.149568106885381624e+01
3.172826542168150254e+01
3.196084977450918174e+01
3.219343412733685739e+01
3.242601848016454369e+01
3.265860283299222289e+01
3.289118718581990208e+01
3.312377153864758839e+01
3.335635589147526758e+01
3.358894024430294678e+01
3.382152459713062598e+01
3.405410894995831228e+01
3.428669330278599858e+01
3.451927765561367778e+01
3.475186200844135698e+01
3.498444636126903617e+01
3.521703071409672248e+01
3.544961506692440167e+01
3.568219941975208087e+01
3.591478377257976007e+01
3.614736812540744637e+01
3.637995247823512557e+01
3.661253683106280477e+01
3.684512118389049107e+01
3.707770553671817026e+01
3.731028988954584946e+01
3.754287424237352866e+01
3.777545859520121496e+01
3.800804294802889416e+01
3.824062730085658046e+01
3.847321165368425966e+01
3.870579600651193886e+01
3.893838035933962516e+01
3.917096471216730436e+01
3.940354906499498355e+01
