# a
9.090909090909090606e-01
9.074243813015581139e-01
9.057639524245195695e-01
9.041095890410959512e-01
9.024612579762990583e-01
9.008189262966334043e-01
8.991825613079019730e-01
8.975521305530371752e-01
8.959276018099547878e-01
8.943089430894308745e-01
8.926961226330026866e-01
8.910891089108911034e-01
8.894878706199460527e-01
8.878923766816143592e-01
8.863025962399283531e-01
8.847184986595173495e-01
8.831400535236395566e-01
8.815672306322349661e-01
8.800000000000001155e-01
8.784383318544808361e-01
8.768821966341896479e-01
8.753315649867374759e-01
8.737864077669903473e-01
8.722466960352422971e-01
8.707124010554090354e-01
8.691834942932397112e-01
8.676599474145486601e-01
8.661417322834645827e-01
8.646288209606987074e-01
8.631211857018308287e-01
8.616187989556135518e-01
8.601216333622936361e-01
8.586296617519514340e-01
8.571428571428570953e-01
8.556611927398443118e-01
8.541846419327007167e-01
8.527131782945736038e-01
8.512467755803956315e-01
8.497854077253219618e-01
8.483290488431877163e-01
8.468776732249786443e-01
8.454312553373185546e-01
8.439897698209718468e-01
8.425531914893616969e-01
8.411214953271027861e-01
8.396946564885495734e-01
8.382726502963590010e-01
8.368554522400676321e-01
8.354430379746835555e-01
8.340353833192922783e-01
8.326324642556769406e-01
8.312342569269520753e-01
8.298407376362113563e-01
8.284518828451882255e-01
8.270676691729323959e-01
8.256880733944954587e-01
8.243130724396336984e-01
8.229426433915212336e-01
8.215767634854772572e-01
8.202154101077050452e-01
8.188585607940447320e-01
8.175061932287366329e-01
8.161582852431986668e-01
8.148148148148147696e-01
8.134757600657354093e-01
8.121410992616898694e-01
8.108108108108107448e-01
8.094848732624693177e-01
8.081632653061223692e-01
8.068459657701710919e-01
8.055329536208298835e-01
8.042242079610073535e-01
8.029197080291970989e-01
8.016194331983805821e-01
8.003233629749394451e-01
7.990314769975787046e-01
7.977437550362610486e-01
7.964601769911504592e-01
7.951807228915662717e-01
7.939053728949478916e-01
7.926341072858286152e-01
7.913669064748201087e-01
7.901037509976057693e-01
7.888446215139441886e-01
7.875894988066824975e-01
7.863383637807783710e-01
7.850911974623315803e-01
7.838479809976246493e-01
7.826086956521739468e-01
7.813733228097867745e-01
7.801418439716312214e-01
7.789142407553107939e-01
7.776904948939513673e-01
7.764705882352941346e-01
7.752545027407987677e-01
7.740422204847536847e-01
7.728337236533957544e-01
7.716289945440374387e-01
7.704280155642022621e-01
7.692307692307691624e-01
