# d_a
# unit = Mpc
3.803943171670928223e+02
3.871808800789135034e+02
3.939351205876967015e+02
4.006572109181776113e+02
4.073473221231179195e+02
4.140056240937848315e+02
4.206322855703220398e+02
4.272274741519967733e+02
4.337913563073390151e+02
4.403240973841654409e+02
4.468258616194904675e+02
4.532968121493316858e+02
4.597371110184042777e+02
4.661469191897075461e+02
4.725263965540099775e+02
4.788757019392255643e+02
4.851949931196891157e+02
4.914844268253330029e+02
4.977441587507557870e+02
5.039743435642047871e+02
5.101751349164418343e+02
5.163466854495366078e+02
5.224891468055409405e+02
5.286026696350862721e+02
5.346874036058800357e+02
5.407434974111129122e+02
5.467710987777744549e+02
5.527703544748794684e+02
5.587414103216073045e+02
5.646844111953532774e+02
5.705995010396926546e+02
5.764868228722619961e+02
5.823465187925550026e+02
5.881787299896361674e+02
5.939835967497722322e+02
5.997612584639813349e+02
6.055118536355084871e+02
6.112355198872104438e+02
6.169323939688772498e+02
6.226026117644640863e+02
6.282463082992546788e+02
6.338636177469475115e+02
6.394546734366683722e+02
6.450196078599075236e+02
6.505585526773894571e+02
6.560716387258640907e+02
6.615589960248350963e+02
6.670207537832131948e+02
6.724570404059031716e+02
6.778679835003214293e+02
6.832537098828469198e+02
6.886143455852069337e+02
6.939500158607955882e+02
6.992608451909308087e+02
7.045469572910378702e+02
7.098084751167864397e+02
7.150455208701479251e+02
7.202582160054023461e+02
7.254466812350791542e+02
7.306110365358416630e+02
7.357514011543058814e+02
7.408678936128090982e+02
7.459606317151124131e+02
7.510297325520493814e+02
7.560753125071200884e+02
7.610974872620256519e+02
7.660963718021475870e+02
7.710720804219760112e+02
7.760247267304802108e+02
7.809544236564260018e+02
7.858612834536436367e+02
7.907454177062393228e+02
7.956069373337599018e+02
8.004459525962995485e+02
8.052625730995648610e+02
8.100569077998839020e+02
8.148290650091688576e+02
8.195791523998268531e+02
8.243072770096312070e+02
8.290135452465322032e+02
8.336980628934329616e+02
8.383609351129131255e+02
8.430022664519061664e+02
8.476221608463365556e+02
8.522207216257039590e+02
8.567980515176308245e+02
8.613542526523643801e+02
8.658894265672327037e+02
8.704036742110580462e+02
8.748970959485361618e+02
8.793697915645561807e+02
8.838218602685046790e+02
8.882534006985031283e+02
8.926645109256223805e+02
8.970552884580501996e+02
9.014258302452211638e+02
9.057762326819064356e+02
9.101065916122678345e+02
9.144170023338696183e+02
9.187075596016562713e+02
