# d_l
# unit = Mpc
0.000000000000000000e+00
4.315636418555674680e+01
8.696943932164806768e+01
1.314322063180471218e+02
1.765376608098994495e+02
2.222788159514451820e+02
2.686487051329433484e+02
3.156403846186203168e+02
3.632469361037544786e+02
4.114614691892307405e+02
4.602771237721823923e+02
5.096870723515457371e+02
5.596845222476124491e+02
6.102627177348890655e+02
6.614149420877903367e+02
7.131345195388945513e+02
7.654148171497369049e+02
8.182492465942389117e+02
8.716312658551406685e+02
9.255543808339075440e+02
9.800121468747904601e+02
1.034998170203870586e+03
1.090506109284039439e+03
1.146529676087039434e+03
1.203062637283783261e+03
1.260098815354315320e+03
1.317632089618844020e+03
1.375656397191427914e+03
1.434165733857937767e+03
1.493154154880013948e+03
1.552615775726799257e+03
1.612544772736316872e+03
1.672935383708374502e+03
1.733781908430946260e+03
1.795078709142012940e+03
1.856820210928874985e+03
1.919000902066973822e+03
1.981615334300272252e+03
2.044658123065228892e+03
2.108123947660496015e+03
2.172007551364307801e+03
2.236303741501715649e+03
2.301007389463624349e+03
2.366113430679735302e+03
2.431616864547333989e+03
2.497512754317961935e+03
2.563796226943904458e+03
2.630462472886409159e+03
2.697506745887558736e+03
2.764924362707632099e+03
2.832710702829771890e+03
2.900861208133753735e+03
2.969371382540586183e+03
3.038236791629627078e+03
3.107453062229877105e+03
3.177015881987052580e+03
3.246920998907997273e+03
3.317164220883923008e+03
3.387741415193997000e+03
3.458648507990602866e+03
3.529881483767759619e+03
3.601436384813894620e+03
3.673309310650345651e+03
3.745496417456766267e+03
3.817993917484617214e+03
3.890798078459884437e+03
3.963905222976131427e+03
4.037311727878855891e+03
4.111014023642263055e+03
4.185008593739270509e+03
4.259291974005793236e+03
4.333860752000074172e+03
4.408711566357924312e+03
4.483841106144684090e+03
4.559246110204624529e+03
4.634923366508491199e+03
4.710869711499905861e+03
4.787082029441228769e+03
4.863557251759496467e+03
4.940292356393025329e+03
5.017284367139161986e+03
5.094530353003773598e+03
5.172027427552873633e+03
5.249772748266882445e+03
5.327763515897900106e+03
5.405996973830460774e+03
5.484470407446006902e+03
5.563181143491567127e+03
5.642126549452846120e+03
5.721304032932096561e+03
5.800711041030966953e+03
5.880345059738673626e+03
5.960203613325635160e+03
6.040284263742861185e+03
6.120584610027200142e+03
6.201102287712743419e+03
6.281834968248405858e+03
6.362780358421947312e+03
6.443936199790488899e+03
6.525300268117675841e+03
6.606870372817565112e+03
6.688644356405343387e+03
6.770620093954960794e+03
6.852795492563686821e+03
6.935168490823713910e+03
7.017737058300844183e+03
7.100499195020223851e+03
7.183452930959213518e+03
7.266596325547412562e+03
7.349927467173809418e+03
7.433444472701087761e+03
7.517145486987038566e+03
7.601028682413124443e+03
7.685092258420166218e+03
7.769334441051043541e+03
7.853753482500506834e+03
7.938347660671945050e+03
8.023115278741172006e+03
8.108054664727108502e+03
8.193164171069345684e+03
8.278442174212528698e+03
8.363887074197504262e+03
8.449497294259199407e+03
8.535271280431106788e+03
8.621207501156372018e+03
8.707304446905396617e+03
8.793560629799880189e+03
8.879974583243214511e+03
8.966544861557218610e+03
9.053270039625051140e+03
9.140148712540307315e+03
9.227179495262185810e+03
9.314361022276594667e+03
9.401691947263259863e+03
9.489170942768600071e+03
9.576796699884385816e+03
9.664567927932052044e+03
9.752483354152625907e+03
9.840541723402160642e+03
9.928741797852575473e+03
1.001708235669787609e+04
1.010556219586562838e+04
1.019418012773359806e+04
1.028293498085151987e+04
1.037182559966791450e+04
1.046085084426175126e+04
1.055000959007909296e+04
1.063930072767443744e+04
1.072872316245682669e+04
1.081827581444049974e+04
1.090795761800017863e+04
1.099776752163077799e+04
1.108770448771152587e+04
1.117776749227437722e+04
1.126795552477669480e+04
1.135826758787809558e+04
1.144870269722140802e+04
1.153925988121758019e+04
1.162993818083463702e+04
1.172073664939046648e+04
1.181165435234941833e+04
1.190269036712262459e+04
1.199384378287204709e+04
1.208511370031811020e+04
1.217649923155082070e+04
1.226799949984445448e+04
1.235961363947557220e+04
1.245134079554442906e+04
1.254318012379966785e+04
1.263513079046620624e+04
1.272719197207630896e+04
1.281936285530376153e+04
1.291164263680110344e+04
1.300403052303980803e+04
1.309652573015343842e+04
1.318912748378364813e+04
1.328183501892900495e+04
1.337464757979661590e+04
1.346756441965640988e+04
1.356058480069813413e+04
1.365370799389092281e+04
1.374693327884545579e+04
1.384025994367860949e+04
1.393368728488057968e+04
1.402721460718440903e+04
1.412084122343790841e+04
1.421456645447787560e+04
1.430838962900657862e+04
1.440231008347054558e+04
1.449632716194145178e+04
1.459044021599922780e+04
1.468464860461722310e+04
1.477895169404946864e+04
1.487334885771994050e+04
1.496783947611388066e+04
1.506242293667091326e+04
1.515709863368023616e+04
1.525186596817759710e+04
1.534672434784412144e+04
1.544167318690696084e+04
1.553671190604161711e+04
1.563183993227619794e+04
1.572705669889711680e+04
1.582236164535664830e+04
1.591775421718205325e+04
1.601323386588627727e+04
1.610880004888026451e+04
1.620445222938674124e+04
1.630018987635564190e+04
1.639601246438085218e+04
1.649191947361851999e+04
1.658791038970673981e+04
1.668398470368666676e+04
1.678014191192492581e+04
1.687638151603746883e+04
1.697270302281466138e+04
1.706910594414771913e+04
1.716558979695633388e+04
1.726215410311766755e+04
1.735879838939642286e+04
1.745552218737618750e+04
1.755232503339196410e+04
1.764920646846379896e+04
1.774616603823154583e+04
1.784320329289081201e+04
1.794031778712983942e+04
1.803750908006758254e+04
1.813477673519281961e+04
1.823212032030415503e+04
1.832953939745357638e+04
1.842703356250865181e+04
1.852460238620922973e+04
1.862224545301396574e+04
1.871996235140656790e+04
1.881775267384164545e+04
1.891561601669146694e+04
1.901355198019355157e+04
1.911156016839916629e+04
1.920964018912264874e+04
1.930779165389155241e+04
1.940601417789765037e+04
1.950430737994866649e+04
1.960267088242085447e+04
1.970110431121231886e+04
1.979960729569707473e+04
1.989817946867991850e+04
1.999682046635188090e+04
2.009552992824661123e+04
2.019430749719723099e+04
2.029315281929406046e+04
2.039206554384291667e+04
2.049104532332408417e+04
2.059009181335198082e+04
2.068920467263544197e+04
2.078838356293859397e+04
2.088762814904239713e+04
2.098693809870678524e+04
2.108631308263335086e+04
2.118575277442864899e+04
2.128525685056813381e+04
2.138482499036050285e+04
2.148445687591272144e+04
2.158415219209561474e+04
2.168391062650980894e+04
2.178373186945241832e+04
2.188361561388405607e+04
2.198356155539654355e+04
2.208356939218087064e+04
2.218363882499590909e+04
2.228376955713733696e+04
2.238396129440728691e+04
2.248421374508427471e+04
2.258452661989364788e+04
2.268489963197845282e+04
2.278533249687079660e+04
2.288582493246356535e+04
2.298637665898258274e+04
2.308698739895927429e+04
2.318765687720353526e+04
2.328838482077726803e+04
2.338917095896799219e+04
2.349001502326323316e+04
2.359091674732486717e+04
2.369187586696418293e+04
2.379289212011708878e+04
2.389396524681983647e+04
2.399509498918493773e+04
2.409628109137759020e+04
2.419752329959236886e+04
2.429882136203016489e+04
2.440017502887566661e+04
2.450158405227500043e+04
2.460304818631366652e+04
2.470456718699494377e+04
2.480614081221850574e+04
2.490776882175933497e+04
2.500945097724688458e+04
2.511118704214472382e+04
2.521297678173025270e+04
2.531481996307485679e+04
2.541671635502421123e+04
2.551866572817898486e+04
2.562066785487575908e+04
2.572272250916812482e+04
2.582482946680824898e+04
2.592698850522845896e+04
2.602919940352325284e+04
2.613146194243149148e+04
2.623377590431882709e+04
2.633614107316041191e+04
2.643855723452374878e+04
2.654102417555194552e+04
2.664354168494701298e+04
2.674610955295347958e+04
2.684872757134224958e+04
2.695139553339464692e+04
2.705411323388659002e+04
2.715688046907320313e+04
2.725969703667334761e+04
2.736256273585460076e+04
2.746547736721829642e+04
2.756844073278476935e+04
2.767145263597892699e+04
2.777451288161579214e+04
2.787762127588643853e+04
2.798077762634397368e+04
2.808398174188986013e+04
2.818723343276016749e+04
2.829053251051226107e+04
2.839387878801149418e+04
2.849727207941812594e+04
2.860071220017452288e+04
2.870419896699222591e+04
2.880773219783952663e+04
2.891131171192898546e+04
2.901493732970518249e+04
2.911860887283258853e+04
2.922232616418365797e+04
2.932608902782698351e+04
2.942989728901572016e+04
2.953375077417594002e+04
2.963764931089544916e+04
2.974159272791242984e+04
2.984558085510444653e+04
2.994961352347745924e+04
3.005369056515508419e+04
3.015781181336780355e+04
3.026197710244257905e+04
3.036618626779233455e+04
3.047043914590571512e+04
3.057473557433698443e+04
3.067907539169586744e+04
3.078345843763777884e+04
3.088788455285397868e+04
3.099235357906190620e+04
3.109686535899562296e+04
3.120141973639638672e+04
3.130601655600334561e+04
3.141065566354432303e+04
3.151533690572671912e+04
3.162006013022850675e+04
3.172482518568936939e+04
3.182963192170192269e+04
3.193448018880300515e+04
3.203936983846519070e+04
3.214430072308823219e+04
3.224927269599073406e+04
3.235428561140190504e+04
3.245933932445332539e+04
3.256443369117093607e+04
3.266956856846700612e+04
3.277474381413223455e+04
3.287995928682802332e+04
3.298521484607866296e+04
3.309051035226381646e+04
3.319584566661091230e+04
3.330122065118773025e+04
3.340663516889503808e+04
3.351208908345927921e+04
3.361758225942550780e+04
3.372311456215006183e+04
3.382868585779372370e+04
3.393429601331465528e+04
3.403994489646158763e+04
3.414563237576702522e+04
3.425135832054043567e+04
3.435712260086172319e+04
3.446292508757461474e+04
3.456876565228007530e+04
3.467464416733009421e+04
3.478056050582106400e+04
3.488651454158770503e+04
3.499250614919679356e+04
3.509853520394093357e+04
3.520460158183259045e+04
3.531070515959802287e+04
3.541684581467138196e+04
3.552302342518873775e+04
3.562923786998230935e+04
3.573548902857478242e+04
3.584177678117353935e+04
