# d_m
# unit = Mpc
4.184337488838021386e+02
4.266811516829238826e+02
4.349202896993459717e+02
4.431511575307115436e+02
4.513737498677377289e+02
4.595880614940095938e+02
4.677940872857823820e+02
4.759918222117701134e+02
4.841812613329390160e+02
4.923623998022940782e+02
5.005352328646615661e+02
5.086997558564722226e+02
5.168559642055394079e+02
5.250038534308322369e+02
5.331434191422516733e+02
5.412746570403974147e+02
5.493975629163348913e+02
5.575121326513626627e+02
5.656183622167678777e+02
5.737162476735948076e+02
5.818057851723866634e+02
5.898869709529553802e+02
5.979598013441190005e+02
6.060242727634574749e+02
6.140803817170561842e+02
6.221281247992501449e+02
6.301674986923642336e+02
6.381985001664517085e+02
6.462211260790306824e+02
6.542353733748184368e+02
6.622412390854615296e+02
6.702387203292662434e+02
6.782278143109251687e+02
6.862085183212421953e+02
6.941808297368551166e+02
7.021447460199538000e+02
7.101002647180055192e+02
7.180473834634602781e+02
7.259860999734767120e+02
7.339164120496258192e+02
7.418383175776046983e+02
7.497518145269449406e+02
7.576569009507192050e+02
7.655535749852438130e+02
7.734418348497852094e+02
7.813216788462563045e+02
7.891931053589194107e+02
7.970561128540820164e+02
8.049106998797932420e+02
8.127568650655369993e+02
8.205946071219242413e+02
8.284239248403853253e+02
8.362448170928576019e+02
8.440572828314772096e+02
8.518613210882548401e+02
8.596569309747745820e+02
8.674441116818662749e+02
8.752228624792918481e+02
8.829931827154246093e+02
8.907550718169301263e+02
8.985085292884401724e+02
9.062535547122341768e+02
9.139901477479104415e+02
9.217183081320606561e+02
9.294380356779446402e+02
9.371493302751608780e+02
9.448521918893153497e+02
9.525466205616936577e+02
9.602326164089275835e+02
9.679101796226614169e+02
9.755793104692203315e+02
9.832400092892733028e+02
9.908922764975009159e+02
9.985361125822523718e+02
1.006171518105213863e+03
1.013798493701066832e+03
1.021417040077149977e+03
1.029027158013115923e+03
1.036628848360596749e+03
1.044222112042854178e+03
1.051806950054442268e+03
1.059383363460862938e+03
1.066951353398220590e+03
1.074510921072881274e+03
1.082062067761121170e+03
1.089604794808785073e+03
1.097139103630940781e+03
1.104664995711530310e+03
1.112182472603018596e+03
1.119691535926056076e+03
1.127192187369112844e+03
1.134684428688151002e+03
1.142168261706256999e+03
1.149643688313301482e+03
1.157110710465585953e+03
1.164569330185492845e+03
1.172019549561133545e+03
1.179461370745999602e+03
1.186894795958608483e+03
1.194319827482153187e+03
