# h
# unit = 1.0/Mpc
2.448274678781054326e-04
2.450728530914572721e-04
2.453188930098941793e-04
2.455655873150327595e-04
2.458129356845432847e-04
2.460609377921786417e-04
2.463095933078023590e-04
2.465589018974167958e-04
2.468088632231918195e-04
2.470594769434925606e-04
2.473107427129081991e-04
2.475626601822798279e-04
2.478152289987286421e-04
2.480684488056843456e-04
2.483223192429129061e-04
2.485768399465450155e-04
2.488320105491039001e-04
2.490878306795334552e-04
2.493442999632261635e-04
2.496014180220511216e-04
2.498591844743817958e-04
2.501175989351241569e-04
2.503766610157440566e-04
2.506363703242956331e-04
2.508967264654483626e-04
2.511577290405151938e-04
2.514193776474800326e-04
2.516816718810253352e-04
2.519446113325595924e-04
2.522081955902450313e-04
2.524724242390247197e-04
2.527372968606501056e-04
2.530028130337083386e-04
2.532689723336495921e-04
2.535357743328140595e-04
2.538032186004592766e-04
2.540713047027871180e-04
2.543400322029707936e-04
2.546094006611819538e-04
2.548794096346173612e-04
2.551500586775258322e-04
2.554213473412349634e-04
2.556932751741778026e-04
2.559658417219197370e-04
2.562390465271845142e-04
2.565128891298810760e-04
2.567873690671299046e-04
2.570624858732894775e-04
2.573382390799822334e-04
2.576146282161209731e-04
2.578916528079349345e-04
2.581693123789957590e-04
2.584476064502435125e-04
2.587265345400125436e-04
2.590060961640571250e-04
2.592862908355775828e-04
2.595671180652455584e-04
2.598485773612294329e-04
2.601306682292201856e-04
2.604133901724567639e-04
2.606967426917509122e-04
2.609807252855128124e-04
2.612653374497762382e-04
2.615505786782231661e-04
2.618364484622092542e-04
2.621229462907882909e-04
2.624100716507372401e-04
2.626978240265806356e-04
2.629862029006155722e-04
2.632752077529357747e-04
2.635648380614562095e-04
2.638550933019375875e-04
2.641459729480102707e-04
2.644374764711985041e-04
2.647296033409443769e-04
2.650223530246319454e-04
2.653157249876110318e-04
2.656097186932207511e-04
2.659043336028133636e-04
2.661995691757776937e-04
2.664954248695628196e-04
2.667919001397010045e-04
2.670889944398315485e-04
2.673867072217231237e-04
2.676850379352976807e-04
2.679839860286527828e-04
2.682835509480847543e-04
2.685837321381113942e-04
2.688845290414944734e-04
2.691859410992623945e-04
2.694879677507326350e-04
2.697906084335340818e-04
2.700938625836292570e-04
2.703977296353364361e-04
2.707022090213515486e-04
2.710073001727703501e-04
2.713130025191100520e-04
2.716193154883310597e-04
2.719262385068586568e-04
2.722337709996044183e-04
