# mu
-inf
3.317522424670612224e+01
3.469683335127595569e+01
3.559350899173414007e+01
3.623418683862480805e+01
3.673449037346388479e+01
3.714592375821102621e+01
3.749596281956540622e+01
3.780100979910570658e+01
3.807164586235893466e+01
3.831509695282753114e+01
3.853651809164779252e+01
3.873971648454795513e+01
3.892758419390399638e+01
3.910237000938202812e+01
3.926585729570447825e+01
3.941948432592059959e+01
3.956442807051056576e+01
3.970166400108369231e+01
3.983200970378744898e+01
3.995615729319717246e+01
4.007469790997403436e+01
4.018814051473138704e+01
4.029692650114770913e+01
4.040144119704226000e+01
4.050202301638302771e+01
4.059897081550295894e+01
4.069254986049166689e+01
4.078299670903309249e+01
4.087052323540243748e+01
4.095531997301786475e+01
4.103755890888498925e+01
4.111739583439704404e+01
4.119497233443833295e+01
4.127041747960407747e+01
4.134384927319125325e+01
4.141537589442414458e+01
4.148509677142196495e+01
4.155310351115819856e+01
4.161948070870467831e+01
4.168430665410096481e+01
4.174765395201845308e+01
4.180959006682892465e+01
4.187017780360972097e+01
4.192947573392237359e+01
4.198753857381095145e+01
4.204441752032074930e+01
4.210016055188883399e+01
4.215481269716969592e+01
4.220841627619996217e+01
4.226101111725434123e+01
4.231263475228014670e+01
4.236332259340512962e+01
4.241310809268087212e+01
4.246202288694087912e+01
4.251009692941131135e+01
4.255735860950556315e+01
4.260383486205666514e+01
4.264955126708876776e+01
4.269453214109726957e+01
4.273880062069302710e+01
4.278237873936710400e+01
4.282528749804661317e+01
4.286754693003674532e+01
4.290917616087889996e+01
4.295019346359705992e+01
4.299061630975418780e+01
4.303046141669608460e+01
4.306974479132094302e+01
4.310848177067830989e+01
4.314668705967059736e+01
4.318437476610323245e+01
4.322155843330523339e+01
4.325825107052095575e+01
4.329446518125429577e+01
4.333021278972984192e+01
4.336550546562005337e+01
4.340035434717415797e+01
4.343477016287192072e+01
4.346876325171467670e+01
4.350234358225606002e+01
4.353552077046587954e+01
4.356830409651286118e+01
4.360070252054426021e+01
4.363272469753426464e+01
4.366437899126682964e+01
4.369567348751343872e+01
4.372661600646129898e+01
4.375721411444297360e+01
4.378747513501461697e+01
4.381740615942608486e+01
4.384701405652313611e+01
4.387630548211838288e+01
4.390528688786552891e+01
4.393396452966828747e+01
4.396234447565333880e+01
4.399043261373449809e+01
4.401823465879331110e+01
4.404575615949932654e+01
4.407300250479197246e+01
4.409997893004408809e+01
4.412669052292591942e+01
4.415314222898724950e+01
4.417933885697377150e+01
4.420528508389301692e+01
4.423098545984414187e+01
4.425644441262467410e+01
4.428166625212668350e+01
4.430665517453402913e+01
4.433141526633144736e+01
4.435595050813574858e+01
4.438026477835846606e+01
4.440436185670911584e+01
4.442824542754725314e+01
4.445191908309131179e+01
4.447538632649148838e+01
4.449865057477377661e+01
4.452171516166154674e+01
4.454458334028079491e+01
4.456725828575503812e+01
4.458974309769500621e+01
4.461204080258854532e+01
4.463415435609537951e+01
4.465608664525139915e+01
4.467784049058668927e+01
4.469941864816151877e+01
4.472082381152395669e+01
4.474205861359288150e+01
4.476312562846975140e+01
4.478402737318241122e+01
4.480476630936403382e+01
4.482534484487005955e+01
4.484576533533591203e+01
4.486603008567817596e+01
4.488614135154157481e+01
4.490610134069427772e+01
4.492591221437362492e+01
4.494557608858444553e+01
4.496509503535203578e+01
4.498447108393159510e+01
4.500370622197608839e+01
4.502280239666409045e+01
4.504176151578944598e+01
4.506058544881412331e+01
4.507927602788598165e+01
4.509783504882257432e+01
4.511626427206265078e+01
4.513456542358640888e+01
4.515274019580589027e+01
4.517079024842658441e+01
4.518871720928139268e+01
4.520652267513808908e+01
4.522420821248111622e+01
4.524177535826898122e+01
4.525922562066782007e+01
4.527656047976236664e+01
4.529378138824494471e+01
4.531088977208337809e+01
4.532788703116857221e+01
4.534477453994260543e+01
4.536155364800782763e+01
4.537822568071793228e+01
4.539479193975139282e+01
4.541125370366805925e+01
4.542761222844943347e+01
4.544386874802322041e+01
4.546002447477273734e+01
4.547608060003159380e+01
4.549203829456435955e+01
4.550789870903344081e+01
4.552366297445284715e+01
4.553933220262925374e+01
4.555490748659060785e+01
4.557038990100302556e+01
4.558578050257601433e+01
4.560108033045672471e+01
4.561629040661330237e+01
4.563141173620797986e+01
4.564644530795997923e+01
4.566139209449879388e+01
4.567625305270794911e+01
4.569102912405967487e+01
4.570572123494078198e+01
4.572033029696994788e+01
4.573485720730668902e+01
4.574930284895241073e+01
4.576366809104357003e+01
4.577795378913739199e+01
4.579216078549019642e+01
4.580628990932873990e+01
4.582034197711466561e+01
4.583431779280222429e+01
4.584821814808967133e+01
4.586204382266429036e+01
4.587579558444140559e+01
4.588947418979747539e+01
4.590308038379750144e+01
4.591661490041681759e+01
4.593007846275757800e+01
4.594347178325990910e+01
4.595679556390809495e+01
4.597005049643173891e+01
4.598323726250215771e+01
4.599635653392414980e+01
4.600940897282318076e+01
4.602239523182824144e+01
4.603531595425032208e+01
4.604817177425691455e+01
4.606096331704224411e+01
4.607369119899377807e+01
4.608635602785479080e+01
4.609895840288328372e+01
4.611149891500721054e+01
4.612397814697630594e+01
4.613639667351039719e+01
4.614875506144440465e+01
4.616105386987013759e+01
4.617329365027492116e+01
4.618547494667714659e+01
4.619759829575883003e+01
4.620966422699527953e+01
4.622167326278192689e+01
4.623362591855838843e+01
4.624552270292982570e+01
4.625736411778575530e+01
4.626915065841622265e+01
4.628088281362549594e+01
4.629256106584346497e+01
4.630418589123449635e+01
4.631575775861969646e+01
4.632727713428159433e+01
4.633874447507101024e+01
4.635016023313460920e+01
4.636152485486491059e+01
4.637283878099626122e+01
4.638410244669879745e+01
4.639531628167058130e+01
4.640648071022773280e+01
4.641759615139279305e+01
4.642866301898129677e+01
4.643968172168658270e+01
4.645065266316287023e+01
4.646157624210673731e+01
4.647245285233692158e+01
4.648328288287252974e+01
4.649406671800974067e+01
4.650480473739695242e+01
4.651549731610848681e+01
4.652614482471683033e+01
4.653674762936345388e+01
4.654730609182830392e+01
4.655782056959790083e+01
4.656829141593212995e+01
4.657871897992977495e+01
4.658910360659279348e+01
4.659944563688934238e+01
4.660974540781562325e+01
4.662000325245654153e+01
4.663021950004525706e+01
4.664039447602158361e+01
4.665052850208930124e+01
4.666062189627240286e+01
4.667067497297028922e+01
4.668068804301197616e+01
4.669066141370923617e+01
4.670059538890880901e+01
4.671049026904368162e+01
4.672034635118333767e+01
4.673016392908321137e+01
4.673994329323313224e+01
4.674968473090498122e+01
4.675938852619945862e+01
4.676905496009197805e+01
4.677868431047781428e+01
4.678827685221635591e+01
4.679783285717466157e+01
4.680735259427018491e+01
4.681683632951278184e+01
4.682628432604592206e+01
4.683569684418728230e+01
4.684507414146850124e+01
4.685441647267437304e+01
4.686372408988124505e+01
4.687299724249484711e+01
4.688223617728741033e+01
4.689144113843414630e+01
4.690061236754915797e+01
4.690975010372068255e+01
4.691885458354573757e+01
4.692792604116424116e+01
4.693696470829246437e+01
4.694597081425601459e+01
4.695494458602216525e+01
4.696388624823174496e+01
4.697279602323042269e+01
4.698167413109950985e+01
4.699052078968624357e+01
4.699933621463355138e+01
4.700812061940935394e+01
4.701687421533537758e+01
4.702559721161549078e+01
4.703428981536357156e+01
4.704295223163094875e+01
4.705158466343335988e+01
4.706018731177751846e+01
4.706876037568721216e+01
4.707730405222901027e+01
4.708581853653754479e+01
4.709430402184038655e+01
4.710276069948253053e+01
4.711118875895053293e+01
4.711958838789616522e+01
4.712795977215980514e+01
4.713630309579338729e+01
4.714461854108304806e+01
4.715290628857134436e+01
4.716116651707922358e+01
4.716939940372755302e+01
4.717760512395840067e+01
4.718578385155591093e+01
4.719393575866693169e+01
4.720206101582127900e+01
4.721015979195168910e+01
4.721823225441350758e+01
4.722627856900402321e+01
4.723429889998156028e+01
4.724229341008425820e+01
4.725026226054853851e+01
4.725820561112738005e+01
4.726612362010821045e+01
4.727401644433061279e+01
4.728188423920372685e+01
4.728972715872343713e+01
4.729754535548923400e+01
4.730533898072088306e+01
4.731310818427482445e+01
4.732085311466036615e+01
4.732857391905558586e+01
4.733627074332301987e+01
4.734394373202514572e+01
4.735159302843963047e+01
4.735921877457435158e+01
4.736682111118216909e+01
4.737440017777556989e+01
4.738195611264099227e+01
4.738948905285306523e+01
4.739699913428851374e+01
4.740448649163998596e+01
4.741195125842959612e+01
4.741939356702233965e+01
4.742681354863925947e+01
4.743421133337048445e+01
4.744158705018802635e+01
4.744894082695846294e+01
4.745627279045538671e+01
4.746358306637169022e+01
4.747087177933171631e+01
4.747813905290321657e+01
4.748538500960910369e+01
4.749260977093912572e+01
4.749981345736134131e+01
4.750699618833337468e+01
4.751415808231361382e+01
4.752129925677222388e+01
4.752841982820197586e+01
4.753551991212895445e+01
4.754259962312315224e+01
4.754965907480885789e+01
4.755669837987493054e+01
4.756371765008496766e+01
4.757071699628730954e+01
4.757769652842486607e+01
4.758465635554492223e+01
4.759159658580868069e+01
4.759851732650081146e+01
4.760541868403873877e+01
4.761230076398193489e+01
4.761916367104100800e+01
4.762600750908667635e+01
4.763283238115867846e+01
4.763963838947448437e+01
4.764642563543799270e+01
4.765319421964802160e+01
4.765994424190675005e+01
4.766667580122803827e+01
4.767338899584558476e+01
4.768008392322109046e+01
4.768676068005220259e+01
4.769341936228042300e+01
4.770006006509893837e+01
4.770668288296022297e+01
4.771328790958372679e+01
4.771987523796332198e+01
4.772644496037472095e+01
4.773299716838275941e+01
4.773953195284867235e+01
4.774604940393716390e+01
4.775254961112348440e+01
4.775903266320032259e+01
4.776549864828475478e+01
4.777194765382495234e+01
